impact	AT	BE	BG	CY	CZ	DE	DK	EE	ES	FI	FR	GR	HU	IE	IT	LT	LU	LV	MT	NL	PL	PT	RO	SE	SI	SK	GB	US	JP	CN	CA	KR	BR	IN	MX	RU	AU	CH	TR	TW	NO	ID	ZA	WA	WL	WE	WF	WM
Value Added	244844.059601	305085.104315	36116.8288176	15343.8220338	115142.366381	2122674.94604	203169.73849	16404.4573622	1064625.32364	157406.243646	1827079.67579	238606.028543	92207.3396556	160113.311977	1459677.11353	30497.9533964	24023.8847433	23745.6400879	5908.98297129	494495.269738	300521.826353	179812.192861	135246.016943	290640.431007	32926.6502599	59728.8094554	2001897.8894	10535776.9286	2915783.18042	2224910.40315	972793.480872	715004.661745	912639.718118	822538.832615	749526.667667	972375.481	642467.624704	247956.341479	505761.334057	247129.357626	222384.813303	319932.440959	183430.912	864775.786649	810086.242405	243311.026366	480066.503559	811716.081278
Employment	7051.33614252	11230.1682784	3151.23416775	596.075882727	5972.80221864	73663.1284752	5637.87473001	997.323028759	39664.9215689	4471.56166469	55759.5274448	10010.3501992	4695.53144739	5094.37558358	48334.7611852	1896.069529	980.839886771	1445.21766413	263.277060944	19197.1730219	17497.8950368	8127.90728323	9885.18335761	7696.5918414	1560.61781922	3613.15750408	68914.8275816	260456.298504	100839.185215	658206.949279	32516.2575161	35005.9834415	87448.668285	425551.171193	46295.2545093	88933.2360234	24564.8778807	7457.58597319	26100.90355	13852.5911853	5463.34100759	88196.262007	15307.0298712	295069.931394	106108.277819	33931.8434125	246198.334615	64707.527336
Employment hour	10002630368.8	11848645468.6	5356455434.77	971230722.221	9797390496.66	100342836233	8111244116.15	1430325133.49	51952860110.4	6805176093.52	65980389297.1	16512936356.5	7678601467.9	6118408053.02	65390937002.3	3269655237.86	940376130.171	2441136994.64	388499756.125	21695521171.2	31082676726.8	12073879618	18450175401.3	11507907047	2249343669.49	5104340928.98	106360649906	379558929805	173017789623	1.41795687628e+12	45365805788.9	60945017620.8	179126870299	975539027192	96545457791.1	144894700643	34815381534.9	10857438381.5	54049962742.4	18422589837.1	7917110849.09	176453115152	28050741971.2	52201696632.7	14207849744.3	4233444084.16	8334917452.38	21656057270.6
abiotic depletion (elements, ultimate ultimate reserves)	0	0	0	0	0	0	0	0	0	0	0	0	0	0	0	0	0	0	0	0	0	0	0	0	0	0	0	0	0	0	0	0	0	0	0	0	0	0	0	0	0	0	0	0	0	0	0	0
abiotic depletion (fossil fuels)	0	0	0	0	0	0	0	0	0	0	0	0	0	0	0	0	0	0	0	0	0	0	0	0	0	0	0	0	0	0	0	0	0	0	0	0	0	0	0	0	0	0	0	0	0	0	0	0
abiotic depletion (elements, reserve base)	0	0	0	0	0	0	0	0	0	0	0	0	0	0	0	0	0	0	0	0	0	0	0	0	0	0	0	0	0	0	0	0	0	0	0	0	0	0	0	0	0	0	0	0	0	0	0	0
abiotic depletion (elements, economic reserve)	0	0	0	0	0	0	0	0	0	0	0	0	0	0	0	0	0	0	0	0	0	0	0	0	0	0	0	0	0	0	0	0	0	0	0	0	0	0	0	0	0	0	0	0	0	0	0	0
Landuse increase of land competition	0	0	0	0	0	0	0	0	0	0	0	0	0	0	0	0	0	0	0	0	0	0	0	0	0	0	0	0	0	0	0	0	0	0	0	0	0	0	0	0	0	0	0	0	0	0	0	0
global warming (GWP100)	145078700132	199142202748	62666755654.1	15569956688.6	147149122479	1.39489210743e+12	107930410471	23816728960	607917546382	115387483123	801999802629	224792746357	90966354377.1	95912328920.9	841942140754	33668232747	14677988804.2	22552119984.3	5014763298.46	299211154533	413638510590	112074933208	154335758183	128202902639	32392226004.9	69111044887.4	1.07354799249e+12	7.59189511705e+12	1.82512820882e+12	6.98698388436e+12	714217349363	756640566449	559511838783	1.6587714944e+12	621937165582	1.63571019086e+12	571589309261	120144835774	493978270348	292407403605	87917082481.1	455260046789	354796146646	1.22456469264e+12	797022759853	493165986591	610007315700	1.32948772276e+12
global warming net (GWP100 min)	146755490810	201157946089	63216254258.5	15908258300	148442437173	1.41097340974e+12	109566571422	24081783196.6	614726805957	116550702486	811150954301	226767568795	91896067747	97412714503.6	849033034974	34072681835.5	14776178274.3	23123669692.4	5074947614.41	302126229806	419175839526	113580816810	156076973341	129754033906	32670681922.1	69533134695.9	1.08722089594e+12	7.71770443908e+12	1.84655047958e+12	7.12740210804e+12	726719665356	763158148151	580018726558	1.70932556312e+12	634786750455	1.6540688853e+12	580159960719	121438828601	501345867637	295561285251	89904715239.7	473111600670	363380537701	1.27337318679e+12	815525625406	499101702606	677392252393	1.35388261042e+12
global warming net (GWP100 max)	148494133697	202742888954	64237496326.7	16015192027.9	150113505103	1.42773057159e+12	111479577365	24472336811.1	620172182876	118068456601	820726618720	228801437319	93258327451.2	98307029040	855964404654	34767485171.4	14881362311.9	23884237172.5	5105579172.5	305540387201	426275409478	115103634110	158364782300	131325329271	33072102231.9	70100629923.8	1.09689483935e+12	7.80931990756e+12	1.86168145098e+12	7.2850562338e+12	735461241402	769068531418	603154225913	1.78024561817e+12	647218547541	1.66638739266e+12	586147249839	122551114815	508218823664	298444273627	91256280513.1	497891702407	371084742057	1.32756972239e+12	832738091537	503457981856	789912831302	1.36828507332e+12
global warming (GWP20)	171262157775	232707829084	81603420564.3	17915540218.7	174629790935	1.61153432769e+12	125156284378	29341293428.3	712038266559	142982391747	953642712498	284533015246	112161919392	105405209043	994901198754	44133285246.8	17966552781.8	27603427625.9	5725447702.56	355245358240	498841174883	130661225178	185835712360	153050301511	40516184086.7	85168068779.8	1.21867088864e+12	8.35380075207e+12	2.08764611125e+12	7.57515248492e+12	784300281404	885639481733	636766875503	1.87175978294e+12	691070066200	1.84112256037e+12	638847224657	137037604180	580601811945	336947912956	98312181528.1	519571657128	386074820069	1.3180285717e+12	896782558095	573045859230	673328004067	1.41859634749e+12
global warming (GWP500)	131989212341	181226460187	54987558762.5	14468855489.2	135114055335	1.2827014335e+12	97930192301.9	21511995323.5	558320538408	103247447702	729644967436	197902078835	81796982906.8	90627604456.6	768542435046	28906077968.5	13195346204	20300462225.2	4672960604.02	273150096560	375309759586	102551116590	140169720640	116273593825	28888892654.7	62385308900.9	1.00560863553e+12	7.2367974704e+12	1.71277166704e+12	6.73458289508e+12	679244125041	703336165698	519573231731	1.56298844124e+12	589315158074	1.5483549083e+12	534927395466	110935912072	453300846534	273061995638	82442864898.9	422639708440	338770518760	1.17271349568e+12	743410477867	456218021139	568827233855	1.27587435047e+12
ozone layer depletion (ODP steady state)	0	0	0	0	0	0	0	0	0	0	0	0	0	0	0	0	0	0	0	0	0	0	0	0	0	0	0	0	0	0	0	0	0	0	0	0	0	0	0	0	0	0	0	0	0	0	0	0
ozone layer depletion (ODP5)	0	0	0	0	0	0	0	0	0	0	0	0	0	0	0	0	0	0	0	0	0	0	0	0	0	0	0	0	0	0	0	0	0	0	0	0	0	0	0	0	0	0	0	0	0	0	0	0
ozone layer depletion (ODP10)	0	0	0	0	0	0	0	0	0	0	0	0	0	0	0	0	0	0	0	0	0	0	0	0	0	0	0	0	0	0	0	0	0	0	0	0	0	0	0	0	0	0	0	0	0	0	0	0
ozone layer depletion (ODP15)	0	0	0	0	0	0	0	0	0	0	0	0	0	0	0	0	0	0	0	0	0	0	0	0	0	0	0	0	0	0	0	0	0	0	0	0	0	0	0	0	0	0	0	0	0	0	0	0
ozone layer depletion (ODP20)	0	0	0	0	0	0	0	0	0	0	0	0	0	0	0	0	0	0	0	0	0	0	0	0	0	0	0	0	0	0	0	0	0	0	0	0	0	0	0	0	0	0	0	0	0	0	0	0
ozone layer depletion (ODP25)	0	0	0	0	0	0	0	0	0	0	0	0	0	0	0	0	0	0	0	0	0	0	0	0	0	0	0	0	0	0	0	0	0	0	0	0	0	0	0	0	0	0	0	0	0	0	0	0
ozone layer depletion (ODP30)	0	0	0	0	0	0	0	0	0	0	0	0	0	0	0	0	0	0	0	0	0	0	0	0	0	0	0	0	0	0	0	0	0	0	0	0	0	0	0	0	0	0	0	0	0	0	0	0
ozone layer depletion (ODP40)	0	0	0	0	0	0	0	0	0	0	0	0	0	0	0	0	0	0	0	0	0	0	0	0	0	0	0	0	0	0	0	0	0	0	0	0	0	0	0	0	0	0	0	0	0	0	0	0
human toxicity (HTP inf)	152832608815	190476122909	50729579931.1	103416988341	76697284875.2	1.51935271907e+12	100121542211	25166613473.5	469739810881	142305229373	585566628528	234386714292	48612340281.6	72223746023.7	836989175442	26880422718.7	13534970112.6	36401125499.5	5966691086.94	270729512714	150854004727	64003411501.7	104799088622	175606631740	21973822681.4	39350614219.2	1.27257822982e+12	6.07164068185e+12	2.81343961365e+12	6.80710637218e+12	672083100717	622439981517	915870315676	750678988281	250924718433	1.47113689326e+12	421418754871	189171783710	921069031121	166726789018	286578310975	1.05941422435e+12	586080102401	3.76763005268e+12	800412070198	463845171182	864733086315	1.52317902113e+12
Freshwater aquatic ecotoxicity (FAETP inf)	251430818.531	293187130.145	89569136.1664	110186144.251	161125696.602	2190213576.27	167993654.26	41935208.2999	784389601.266	215742488.113	1122919202.42	361400968.483	93186087.1654	130122000.516	1191028366.97	49613546.4072	20887037.5929	61629670.3084	10404010.5616	370883505.064	483036864.246	150498605.169	223072455.933	248019131.746	43378019.0309	62812993.4759	1620454297.07	8779320752.67	3713198474.1	15076864620.2	997994480.953	963021910.914	1505509447.03	4738673327.02	780966278.932	1986431141.17	643586483.762	264122659.148	1247443928.67	293474013.218	324949270.885	2315659951.12	940145468.662	6349906772.44	1759313787.67	745035728.909	6642680877.91	2302795855.04
Marine aquatic ecotoxicity (MAETP inf)	1.05826327841e+12	1.33608279603e+12	432829137176	499657695704	952035469395	1.0800794014e+13	724900968942	219749238228	3.71382902608e+12	908826827602	4.60792177465e+12	1.89307762366e+12	415690218026	584829578838	5.59429220875e+12	183416442672	96262206581	202083613200	52822459295.9	1.75223924451e+12	2.14872942456e+12	623974692173	970898143211	1.07499463219e+12	213123681603	339810409571	7.94022026925e+12	4.7752537925e+13	1.77918360445e+13	4.90336138413e+13	4.91421061591e+12	4.79109734876e+12	5.33822531438e+12	1.03489456076e+13	3.63020264612e+12	9.93740270758e+12	3.86221646475e+12	1.23806710502e+12	5.14693751688e+12	1.64992209454e+12	1.40909449725e+12	5.89673055759e+12	3.7283036279e+12	1.88312570233e+13	6.16448866139e+12	3.29865719432e+12	6.24687628496e+12	1.09484918361e+13
Freshwater sedimental ecotoxicity (FSETP inf)	675288433.834	767708981.057	240274243.701	279301729.293	429778755.607	5708694605.64	450013240.044	111629321.261	2064490124.61	575501535.773	3034615034.24	935604829.432	251531664.963	345390619.802	3090263667.24	136141232.49	54608787.7275	171063432.736	26687218.4847	962117806.454	1359910952.17	410994275.722	613074976.186	653067868.078	116048708.479	163158964.093	4162760444.06	22508737257	9531866470.42	42949069831.1	2589791111.41	2502187482.66	4093633188	14402249408.1	2116800140.97	5137802951.54	1653249106.52	686984672.51	3318666437.94	756739777.116	838819589.846	6687911216.43	2576091505.9	17821558633	4875089423.23	1989894087.55	20896329420.9	5928309309.05
Marine sedimental ecotoxicity (MSETP inf)	928664561492	1.21737023631e+12	337048447797	485766875103	649221698608	9.14730826827e+12	626256587645	164258226293	3.23123012727e+12	810619711594	4.12500518825e+12	1.57760789245e+12	339261348289	517197788025	5.05423264188e+12	163413923556	87650857049.3	187340421710	49774945662.8	1.54668788495e+12	1.49905349849e+12	543134025344	769455073011	974595712561	169701365358	268234896882	7.01277967949e+12	3.89747987205e+13	1.64393223022e+13	4.0916322982e+13	4.24305159855e+12	4.16992434713e+12	5.09844435303e+12	8.13363246089e+12	3.06780480553e+12	8.51868986965e+12	2.90172453709e+12	1.11484312945e+12	4.62696588955e+12	1.34899180289e+12	1.32984933195e+12	5.57234746989e+12	3.08466276854e+12	1.79641258585e+13	5.77621193689e+12	2.80929611331e+12	6.1872668746e+12	1.03868511125e+13
Terrestrial ecotoxicity (TETP inf)	1366333168.1	1709296101.05	435418359.095	794768269.996	741018125.455	13242956301.2	891026485.523	210664317.36	4173552082.96	1198102299.7	5341841561.66	2044199539.3	476250492.442	628653552.979	7208691701.68	235792345.369	116135080.574	292899701.673	48498045.6198	2390562153.8	1571765095.99	651659936.213	986857248.281	1526913477.57	198381747.012	376714616.003	10597766418.3	50446276697.7	22943540896.8	60503478063	5676324744	5538355447.91	7663828232.99	7303663854.54	2318595313.84	12071060096.3	3894435213.4	1590671473.57	7599851841.58	1570160637.71	2370505930.02	8507056266.67	4797987896.2	29414118829.9	6562915560.22	3837277726.99	7091445199.88	12139998095.9
human toxicity (HTP20)	152156475676	189796629609	50300475965.5	103304469137	75415193716.5	1.51143356356e+12	99611531018.9	24924566985	467308573549	141782910645	582933701371	232930010270	48237924082.5	71874891439.3	834012597474	26760146614.7	13486931420.9	36289249103.8	5950095234.48	269640416028	148022831659	63584328904.1	103862169986	175033496558	21777911320.3	39016316016.8	1.2678820989e+12	6.03265004437e+12	2.80604077638e+12	6.76688159532e+12	668890409615	619336272521	914023297876	740040113848	248372965484	1.46373384009e+12	417244570500	188521649439	918100455985	165334916986	286038567974	1.057107733e+12	583089638310	3.76107284574e+12	797828335387	461483071071	862036847048	1.51965160141e+12
Freshwater aquatic ecotoxicity (FAETP20)	69538467.1374	56567160.9525	28801279.703	8223474.33657	58533327.944	452917795.494	46850931.1773	13221309.4792	174738827.238	54709035.1556	325119515.173	72374242.6234	30091080.5292	31836239.8666	201764906.973	16987334.9489	3921529.25427	22271439.6417	1183671.85406	67723622.1002	238395616.497	49226167.8846	84006602.416	51944390.4895	13176672.746	14860340.7121	243639265.899	1576510889.4	472988711.723	6963096901.66	190120406.029	178743815.298	440905771.015	3168602794.78	246772160.203	366730668.075	142373689.609	45982989.7181	303881280.421	55964897.1445	45306523.5655	1100032257.9	330320372.559	2437319347.84	622207953.009	208037941.882	5019715180.86	288617835.708
Marine aquatic ecotoxicity (MAETP20)	3147297726.27	3118394845.77	1172397041.05	1001157164.39	2188693096.69	24264832634	2086219475.55	544184845.759	8747471974.13	2612723989.84	14026705863.1	3811900446.38	1223248354.14	1492578080.36	12322528452.8	677433244.9	219375009.053	883905202.649	87468812.5527	3951046929.35	7763414974.56	1960195066.26	3154675819.3	2824476790.07	544851726.321	705782089.552	16473317760.2	92219232573.2	35543691359.7	244187349092	10620048746.2	10045489681.2	19483452386.1	94629460603.6	9601070310.27	20848807211.3	7155661028.39	2772986169.24	15141424783.6	2990620559.12	3382430716.27	38627131891.6	13397944010.3	95428846497.9	23866469215.9	9165889261.82	146338858054	21101109957.9
Freshwater sedimental ecotoxicity (FSETP20)	215080513.513	169654826.376	88589680.2552	21743786.2386	179282371.964	1354839134.51	144168926.468	40473667.5279	528951940.128	168112502.233	1008676580.57	213302107.077	92898390.8575	97051592.5358	596551673.316	53061575.8963	11739410.5016	70234180.1587	3349694.14851	199926614.731	749376012.896	153715169.567	262831166.124	157596463.905	40481319.1678	44058070.0935	706450988.704	4587261985.85	1359771779.06	22155675240.5	562698744.313	531151073.535	1374353730.15	10219496881.6	765576848.643	1078630468.5	419164497.283	137020431.07	932205765.672	164578257.836	132528030.445	3524999646.37	1035385970.76	7747335790.58	1956650913.91	637064348.235	16301020797	830652178.798
Marine sedimental ecotoxicity (MSETP20)	7593829875.28	6840348823.7	2924489190.68	1768269042.73	5645027734.26	53918489615.3	5021543954.23	1350802632.77	19954487364.1	6144461079.51	34377106814.2	8363245135.52	3054590269.78	3485520311.03	26055607173.3	1719681078.16	478306795.289	2277205326.06	169372497.273	8440219407	21650866616.4	4983689624.1	8266128612.9	6309204867.56	1348436974.43	1606857844.45	33636272076.9	196074461468	70314308012	669777755675	23033100607.5	21814809163.6	47547320169.4	283316490946	24417786043.4	44740653271.5	16085503641.8	5931872376.47	35117845071.6	6542173944.77	6809860991.13	106689945548	34195258657.6	249882157857	61835494806.5	22023443040.9	446607822664	41707420146.3
Terrestrial ecotoxicity (TETP20)	16339009.7905	20401495.4811	5179894.68145	8867938.90138	9231543.43222	156052397.41	10508361.2018	2493648.21784	48395207.8636	13885092.6717	63327276.8123	24534967.0901	5795503.03517	7211223.37203	82274483.3525	2803689.20603	1326555.98586	3320373.17363	547797.399958	27792253.2262	20985785.1408	8631756.77485	12088806.7845	17632289.7929	2372700.15143	4407690.80307	119983191.353	577577942.171	251984914.825	717286814.006	64449655.3047	60361989.985	86324322.1715	110170337.179	27359593.5766	133044382.383	47732797.9578	18437415.0538	87749602.5167	18196083.8286	27486482.7307	104226577.309	57817812.4935	345494845.442	77726953.9443	46201678.06	116065928.303	136738311.292
human toxicity (HTP100)	152161427330	189801614368	50302684299.8	103305536400	75420579521.6	1.51147756458e+12	99615077843.7	24925712318.4	467323727793	141787191488	582954652618	232937040762	48240235227.2	71877297427.6	834032768101	26761217078.8	13487272279	36290556373.2	5950207048.19	269647507273	148037958175	63587497629.7	103867664377	175038332226	21778924143.4	39017944890.8	1.26791048472e+12	6.03284345175e+12	2.80609104974e+12	6.76721713798e+12	668908972438	619354261261	914050527630	740162171552	248388697480	1.46377701478e+12	417262660908	188525976550	918123230643	165341836813	286043199977	1.05714931045e+12	583109719803	3.76117774549e+12	797859215960	461497398703	862183370669	1.51967944658e+12
Freshwater aquatic ecotoxicity (FAETP100)	90095206.6009	78879692.4896	37033294.9437	16042961.3482	75864328.5064	636948923.283	60681545.0906	17276557.5798	238167448.597	71946619.1741	414055625.01	102733413.844	38213066.3588	42104175.3501	293679274.871	20959797.4277	5509285.77883	27134267.2476	1903135.44918	97145595.6285	286918766.732	61525903.2482	104187377.935	71434348.3434	17063910.8352	20487524.3403	372848036.935	2346698269.02	750333105.17	8283697329.24	271163493.686	256199720.931	554257536.701	3598770783.51	311265576.379	528266966.9	205232082.624	66625529.4409	403406401.421	81362994.9712	69729431.4488	1288163091.4	413409104.447	2939738397.15	755222166.6	269636184.818	5589705985.13	451391736.969
Marine aquatic ecotoxicity (MAETP100)	10975267481.7	12918395101.2	3766144191.8	5524601207.69	6430522939.63	98701865815.7	7282732729.41	1770357807.32	33822652307.9	9596439080.53	46975741790.2	15711383637	3921488651.16	5503345295.72	54163964499.9	2090069285	916513010.109	2641803429.59	425306283.073	17110227537.7	17777724073.8	5998641227.48	8935511763.37	11427024982.6	1777881818.79	2728111525.51	76310388592.9	401045556371	171238597989	603950347554	44751522263.3	42206405711	66184629256.5	160006219262	28949387946.8	89337634779.1	28418294323.1	11998777921.9	57378638586.4	12342561125	16100572509.9	93700037683.1	41140526104.1	274308426788	69369414659.6	32041483619	223362209497	101063432586
Freshwater sedimental ecotoxicity (FSETP100)	269740806.312	227290367.51	109279197.093	41546627.612	219947987.841	1811079865.39	180472379.288	50355525.7233	690651119.121	213746358.529	1249413860.39	286694476.491	113946180.438	123803641.382	829461419.685	64073536.4748	15828377.3466	84212179.6536	5165449.42508	273586814.521	876496444.826	187142439.69	316186342.024	208465787.41	50272434.392	57406813.3722	1025056783.54	6407783860.49	2057605013.11	25956430334.4	763426400.177	724067627.586	1693611239.84	11571224119.6	935631508.699	1474730969.7	562779679.732	189542478.219	1195758623.78	224880503.971	195440026.888	4102116941.41	1258973422.93	9232117221.72	2339669668.43	796731301.97	18263244650.5	1247082276.78
Marine sedimental ecotoxicity (MSETP100)	16862154401.1	18221734343.8	6006294587.23	6953139104.02	10710340757	140573642456	11164101930.1	2803990271.42	49185322918.1	14370584010.4	73408703711.1	22122092960.3	6271951481.08	8173382362.08	74473224417.5	3417056325.4	1286273478.37	4407092855.27	552048059.554	23713568027.4	34209433497.3	9812513751.08	15263057290.9	16372916667.6	2805889261.46	3961872545.24	102725547774	552472743473	226165247981	1.11952417714e+12	62542708432.4	59024309872	103075906040	376179974987	47265544155.4	124007564470	40774637169	16624208944.8	84880419123.8	17320069463.9	21559489012.8	176067018225	67657057075.6	468391607684	116583006909	48992821533.5	565492085789	133102032065
Terrestrial ecotoxicity (TETP100)	76243400.4536	96084924.0408	23958328.8434	42242724.7944	42321508.7653	733463803.299	49000031.0452	11536940.4162	226773561.919	64966894.6748	294358888.515	115306680.105	26879860.8869	33678442.7006	388289957.774	12968940.6317	6245808.09671	15313205.2936	2595488.93391	131109664.875	93534234.8302	39917900.814	55444984.3231	82949855.0713	10976551.3728	20651727.2961	567311157.043	2717152128.93	1193898955.69	3242040130.66	303246407.832	284019020.398	402042327.548	441502893.553	124423139	626769147.234	223608441.033	86949227.5131	411622042.856	85391278.9012	130263778.611	469635095.38	267272377.052	1589167364.07	356291207.607	215407055.076	423225501.764	647727233.377
human toxicity (HTP500)	152170289390	189812584989	50306333521.9	103308680684	75428737542.3	1.51156428459e+12	99621705256.2	24927560542.2	467354272543	141794565084	582992607299	232951384498	48244358268	71881986380	834079176915	26763240439.6	13488036256.8	36293032740.9	5950487751.49	269662851806	148057661662	63592707046.5	103876318633	175047587546	21780637490.6	39021233090.8	1.26797267296e+12	6.03319154427e+12	2.80621075052e+12	6.767641438e+12	668944636238	619392772730	914092859540	740248093298	248412150356	1.46388016337e+12	417294039748	188535288091	918171044273	165355485858	286054654574	1.05719164148e+12	583138115391	3.76131803963e+12	797909453599	461523764583	862240544969	1.51975288346e+12
Freshwater aquatic ecotoxicity (FAETP500)	137495063.278	140560438.282	52999195.8721	43405188.391	103123189.817	1098216814.4	92327892.394	24871019.1162	397015878.016	114075990.425	618534513.318	179040385.268	54698005.898	67531893.0989	554553275.631	29321266.5564	9922860.65058	37147243.4404	4237323.18041	177891461.206	348342802.906	87111512.8126	139649310.596	123303769.05	24910256.103	33274832.1455	740991156.167	4289137103.81	1604001891.11	10303013591.2	485366287.844	461421285.886	829650326.089	3927584464.46	443943740.54	955170046.091	340759350.864	124062931.669	652457889.042	143465033.565	144998945.035	1586011812.24	573112006.885	3934139830.92	1036122998.22	409792205.344	5878248745.39	972656070.919
Marine aquatic ecotoxicity (MAETP500)	50408589739.1	63353012340.6	16694496886.1	29331414622.2	27261420954.5	481255389065	33494277538.3	7895067969.5	161839715257	45034074055.4	211891327101	77014401899.3	17376833046.9	25861784972.7	270713149196	9078230604.75	4505321432.75	11270063074.2	2183480930.83	85236027973	63632357106.3	25902775251	37013279439.5	55579111341.8	7932507754.81	13099586316.1	387555798312	1.99922848129e+12	878248532525	2.28662463137e+12	220795808763	207870183489	300506012248	400031606852	123872202586	443427406983	137587055160	59636793743.4	272618518023	60455376009.6	82394539255.7	349196875772	177971973996	1.14349585903e+12	291225742228	147540051329	460038855572	517146099204
Freshwater sedimental ecotoxicity (FSETP500)	387663498.822	381813424.912	148039931.935	110680394.942	283619452.322	2951559712.42	258986366.331	68608998.2407	1085372971.34	318844743.5	1759990988.08	474753071.407	154393943.286	187167601.449	1481936629.92	84922885.382	26884225.4395	109323630.326	11054004.6563	474737042.306	1020599712.39	250717412.266	402551849.878	338223235.758	69409596.1958	88567067.3085	1942157250.31	11176168589.7	4200534918.22	30926769805	1294921562.05	1234103343.78	2387710698.87	12364741129.1	1263258217.59	2532498211.35	889233799.044	333113701.649	1817688003.83	377299188.984	384786176.288	4850674680.35	1651829185.28	11735139391.2	3046412040.42	1143485515.88	18989767618.5	2561913920.91
Marine sedimental ecotoxicity (MSETP500)	55742745011.1	68040326671.4	18664941928.7	30510926673	30878034525.7	517092492885	36989028935.5	8784434720.57	175333619401	49334638392.5	236138615602	82385689634.9	19492521010.6	28245007255.9	288250765532	10312678740.2	4830544587.9	12933536599.3	2290863826.06	90913810008.8	78654471953.6	29430447183.3	42783707258.1	59972564814.6	8837541789.05	14132039223.7	409650588920	2.12161965355e+12	924599856303	2.77420271682e+12	235909245639	222271740553	334847164586	610729562686	140520683964	472720850379	147450003927	63642071537.3	297331807978	64559566583.6	87112430112.9	428633832268	202167946503	1.32787536788e+12	335901492867	162675588929	799791201826	544594471244
Terrestrial ecotoxicity (TETP500)	302126122.701	381768051.625	94503699.0614	169096048.666	165363214.581	2910284976.55	194181437.358	45471204.0925	900229324.742	258129808.823	1166311501	456911680.848	106054319.628	133746228.435	1546402883.01	51343449.6695	24868901.7715	60813498.6806	10370109.128	521345411.729	362383020.337	157098023.74	218055756.17	329991546.169	43285686.1502	81708212.5278	2260374460.32	10786265456.8	4771027233.67	12757433657.7	1206059288.3	1131343784.8	1600472578.91	1669081926.43	489578205.551	2497044678	882003562.82	346047082.902	1637088897.27	338264473.971	519402989.379	1851065301.09	1056242915.62	6302734570.88	1411143205.93	853086053.97	1570277025.33	2588211526.34
Human toxicity (USEtox) 2008	0.218865635193	0.241442769894	0.116538785049	0.0116209683689	0.201114784399	1.63533697995	0.194301777065	0.0465934510823	0.634885328738	0.204292655916	1.19239351914	0.379368989631	0.136360894793	0.145190616945	0.793226326514	0.0768414948356	0.0157115345834	0.0792257191165	0.00396837239138	0.366426910096	0.941414944608	0.165534623067	0.25721220995	0.182817092545	0.0479750096361	0.091684462909	0.934055260078	6.99238961278	1.28544089306	19.4189629064	0.936795459964	0.629616335415	1.96490700774	8.53810643329	0.88650972105	1.85630969122	0.518654360931	0.12320412909	1.07116858341	0.199954007165	0.133615800474	2.86904050949	0.891424741349	6.46075319334	2.56933665692	1.00854847577	13.3356528073	0.993782868228
Fresh water Ecotoxicity (USEtox) 2008	28622579.7295	37853511.0516	16892977.2097	1873582.61276	26060308.0164	237409551.906	29056079.7032	6315343.4624	91651336.2594	28204049.4967	168844004.533	64392595.0286	20504058.3836	22489364.1508	122567868.992	11701765.9806	2443069.1132	10849646.6411	650854.564535	60102821.9305	127314909.093	21907074.0084	32613500.6322	24293174.6214	6831807.32626	15435997.1085	139106970.549	996136894.988	180448530.102	2217117861.34	145394562.543	89815651.045	275360176.743	894658081.904	118684791.751	308011695.13	69064169.9091	16215318.6868	151664146.886	26679582.7751	19316870.1391	312289418.367	98260962.1785	725997324.614	376539602.224	161919252.405	1423295597.96	160691163.01
Human toxicity (USEtox) 2010	28726.2500661	36225.4135182	9196.00482776	15722.2871591	15957.116107	275185.630652	18987.741774	4431.99362733	88019.7240066	25073.5182667	113625.979098	42804.1612148	10415.7662309	13264.1772556	150033.487823	5242.36634861	2431.71078084	6399.44461404	1003.97600623	50041.7609077	36369.7396154	14819.3930864	21133.62798	31918.020955	4208.99649415	8001.29466223	216049.615141	1042287.04761	455033.311191	1249024.06121	115865.06001	111396.160512	156737.623473	178155.925315	51322.9819412	256995.784328	82239.6180972	32686.3292002	158718.360838	33478.5439359	48267.5183997	177053.66915	99339.7468131	602762.624584	143372.771636	81855.8921804	173380.869042	252508.086281
Fresh water Ecotoxicity (USEtox) 2010	19767354728.9	24487132703	6454784356.94	12068137764	10299270340.4	191355663153	13136542650.9	3089742952.97	62329483319.2	18124673859.7	80148301122.9	29376762458.5	6795024440.18	9805141444.58	107806047124	3552698350.79	1748550624.82	4509751244.95	774860251.144	34716157948.2	22567038479.9	9206999428.07	13767186182	22741290687.2	2951824535.98	5245630662.23	158131888744	801451264037	348185969983	882515190943	87341918725.1	81707656001.6	120033896642	118714814898	40882264922.1	180261702913	54349263399.5	23339273635.4	111637026359	23048450105.2	34192275813.6	131980529723	71393654170.3	453928706367	104826881174	57384587350.5	129177571057	194152162877
photochemical oxidation (high NOx)	40395535.0185	45333313.3234	37468087.4734	5128740.53281	40103686.7627	395103908.49	39935555.0735	10478968.0305	163113227.138	36209706.7949	230901545.644	73322892.7312	28369672.7993	23859753.6821	191755185.353	14415629.5525	3247866.48188	13407115.8361	1375425.50839	81651536.0784	192756430.409	36892398.7406	55331970.0996	40071852.166	9245154.55786	18400572.244	261181594.302	2092038225.99	442237340.059	3812411856.95	217863226.282	174434984.811	385538432.497	1387165798	243355771.759	382899177.98	161558160.713	29438833.1142	181769560.667	94098445.9406	33971644.8666	433059115.646	215546897.254	954642950.248	326377298.406	137194551.943	1616906515.73	333189646.277
photochemical oxidation (low NOx)	38720457.8803	36760640.2271	23253261.9123	2490577.4254	37538432.3921	367853643.643	40865049.2399	8636942.87314	124560334.191	34488758.7942	214309897.161	49627731.6161	30424164.501	19322642.2722	161617603.974	15464119.8318	2597463.5011	15968292.769	719550.433095	76699692.617	154755909.954	33254184.22	50478201.0962	35162051.066	9244690.4976	13751263.5729	215299600.081	1947237175.85	342058390.527	3242277075.48	185395037.58	137674243.448	474364320.311	1450457881.65	259034978.938	277148944.546	129899323.834	24800184.1975	150487461.479	64447260.14	28601406.1985	505297722.48	158835747.248	1098057702.88	359275504.636	99095410.8096	2260047054.42	301632147.319
photochemical oxidation (MIR; very high NOx)	16164914.6055	15571990.3077	9786176.8587	1056557.17615	15721157.0354	152748955.718	16792579.1883	3596354.96377	52507470.1018	14504133.7731	89631948.94	21385440.2675	12714632.1577	7975288.60224	68588220.5104	6454457.03778	1123633.87167	6517078.79361	306149.191195	32122713.2827	64090565.8534	13781303.0964	21000769.909	14705302.2168	3906382.0795	5912166.97462	89860536.9131	798596779.975	143584321.225	1312201326.24	75968903.602	58406825.0555	191743613.818	585678600.78	105396683.669	116135943.069	53700336.637	10357981.0934	62428414.4676	26942474.2176	11709722.6047	203781206.892	64348869.2084	441644851.018	146286118.774	41690134.462	905670617.695	122981354.242
photochemical oxidation (MOIR; high NOx)	29157922.003	28043454.4709	17636430.5369	1902441.92219	28347558.7769	275689253.435	30343516.5512	6488897.99381	94610761.1375	26141111.1605	161643742.855	38441454.7304	22931736.128	14403912.3221	123495070.733	11642701.4841	2018951.29423	11785171.6288	551076.863634	57921826.9424	115708275.219	24878689.0688	37895251.8204	26519926.5617	7036878.79399	10630039.8195	162092911.305	1443352099.2	258838047.843	2375179383.79	137316369.327	105167135.48	347119073.86	1060397578.89	190660094.964	209397154.052	96969233.6747	18682610.0204	112686203.332	48590824.0691	21167797.1949	369007162.929	116462623.292	799976757.081	264606940.919	75135874.9336	1641183870.42	222418601.373
photochemical oxidation (EBIR; low NOx)	37240379.3057	35829449.6247	22529518.9662	2430720.51027	36208137.2946	352063731.294	38739806.1453	8287075.47569	120864496.188	33393178.0471	206459717.325	49134174.8641	29289052.2068	18391556.6232	157789180.988	14869930.003	2580768.23006	15043711.0256	704151.459232	73983183.5838	147753558.146	31769340.617	48395636.7749	33872577.6701	8990069.83374	13586123.3068	207023179.761	1842650489.19	330630208.455	3031280046.91	175300821.128	134370548.008	442990880.769	1353236879.28	243358436.798	267465125.586	123819401.993	23861600.5671	143900410.565	62062061.1779	27022658.4973	470897766.374	148637057.897	1020799182.59	337750000.306	95980942.1646	2094019179.27	283909278.494
acidification (incl. fate, average Europe total, A&B)	543362786.264	775933639.001	620460780.373	124489893.504	521920956.613	5339984311.55	452282547.667	144122947.793	2801165929.35	471990684.099	3204996755.61	1322487046.36	303542738.882	418706943.022	3051868599.07	145408173.256	54680207.7268	104712840.431	29689523.448	1093642910.73	2738240095.13	511612495.561	713878269.98	588745325.638	114538705.806	302486416.505	4379325681.53	31113663915.9	7749488087.5	49189198289.1	3461937050.46	2913705716.25	2859400454.81	12639551194.1	2685594694.73	6931176851.82	2699904440.38	464821587.145	2751615392.32	1630386706.99	542950911.649	3141314658.66	3315450741.65	7958713892.32	3526225619.88	2447734066.29	3751867329.14	5421764769.35
acidification (fate not incl.)	567633534.835	806250543.165	566762636.628	126123439.889	530986725.284	5467094544.42	463219438.774	137887682.27	2837250945.24	486930791.2	3315316425.33	1308369363.26	321284854.555	435387974.35	3150956001.87	150975634.01	56556332.4025	111066464.881	29178021.432	1126155135.69	2612134786.46	517732721.646	709240042.902	600273248.053	120554505.735	300100681.969	4534653815.26	32667975552.1	7934755263.61	46054686738.5	3546490591.15	2967782845.31	3099981144.8	11969037352	2805423693.48	6996406984.97	2751941325.24	475770773.246	2744020244.12	1579061603.58	555353534.385	3108900320.08	3116882136.42	8135519481.72	3774933867.49	2458012853.74	3961246549.37	5767143341.2
eutrophication (fate not incl.)	102782445.348	178637287.904	48891412.6567	14782704.2141	85776899.1845	1148160045.11	92290235.7207	13971152.9748	877929782.954	75522691.7531	726525056.628	179245187.113	56275204.158	121151574.935	601379944.69	30584072.4748	12403463.5581	19478378.3846	4786795.96994	283839138.825	347342383.9	129800485.488	105157308.609	106986064.889	25617022.4005	44798922.0916	962491534.034	5262627067.18	1309042752.29	11454354597	601192579.976	537157984.48	1365901456.81	2226052379.78	562875344.728	1384865794.28	447777401.708	89756506.5314	471039136.596	172694381.462	103355550.713	404171995.786	252277311.066	1370019775.82	734247089.537	321285448.383	888356823.748	839268380.137
eutrophication (incl. fate, average Europe total, A&B)	493262222.117	689457429.71	214636697.421	96058660.9723	413161122.355	4382634628.84	375040285.624	76175804.4141	2158288537.16	403890703.637	2777746815.41	884929369.883	294399160.758	373195481.17	2628611596.25	127853719.359	47077934.5053	102188094.976	19114608.4929	928279569.672	1417943715.55	393096086.534	490897960.734	476335694.111	108355368.051	205611665.322	3812203483.46	29488045988.8	6377272786.22	21641653973.3	2878589352.85	2324266803.65	3079043232.29	6234044373.63	2462347112.61	5237737145.03	2167809863.13	383702954.678	1942271812.54	956691841.774	441660417.71	2140007632.92	1511977922.49	6472595696.71	3611082686.66	1791808533.57	3655096395.88	5414210005.55
radiation	0	0	0	0	0	0	0	0	0	0	0	0	0	0	0	0	0	0	0	0	0	0	0	0	0	0	0	0	0	0	0	0	0	0	0	0	0	0	0	0	0	0	0	0	0	0	0	0
odour	3.48578671296e+12	6.72067389442e+12	2.06167283125e+12	637319938471	3.19953338499e+12	3.77308887097e+13	4.76698648331e+12	428346745477	1.41906590264e+13	3.7512164002e+12	2.42655179379e+13	5.6439808676e+12	2.51453876291e+12	3.52120948486e+12	2.75542663324e+13	822702304086	269158779422	687094518254	163076708715	9.37040778717e+12	9.65454200194e+12	3.041708542e+12	3.33961002703e+12	6.00926136082e+12	1.02072294898e+12	1.10652634965e+12	3.17701663206e+13	4.74877801143e+14	6.16640081613e+13	9.84756881047e+13	3.86757398747e+13	1.93987485207e+13	2.10171846973e+13	7.65007899244e+13	2.97888757383e+13	3.47018274067e+13	2.09620236701e+13	4.64581459714e+12	1.61851445183e+13	1.16931912217e+13	2.95872330345e+12	3.0177422447e+13	6.37686305995e+12	5.33360313986e+13	3.45792651621e+13	1.03101238434e+13	6.04305549347e+13	6.26299848539e+13
EPS	23455408947.6	31548547021.2	11331551692.5	2584937305.12	23368071362.6	218208693246	18213147517.5	4107891416.99	102281706466	18501522976	132741008196	37616025600.4	14535670855.3	14957081223.4	137447071538	5738222265.31	2575725805.98	4608502084.67	795733915.968	46027804426.9	71514880262.5	19509777187.4	27435332544.3	22024862161	5373151368.01	10823286614.3	165170265163	1.14115270492e+12	287693430697	1.43584249092e+12	117120966956	126714293709	106818232028	473446812795	108664974576	252590385818	88158817771.5	19569678526.5	88456021013.2	51410215555	16601717648.2	129368652735	74498707658.9	304939709849	151234932673	78562729666.6	360238311791	198573755411
Carcinogenic effects on humans (H.A)	15775.5611846	20271.8029757	5222.47748045	10089.3806271	8011.45954533	154905.458993	10481.794116	2532.31144615	50532.6944368	14529.0889446	63895.7453412	24737.7687221	5196.19715469	7890.59338449	86952.1832204	2823.59743824	1453.40961013	3654.47747879	700.439852961	27673.1291543	17209.8398413	7392.67691482	11227.2296614	17815.0608276	2383.63771553	4137.22114457	127504.452613	616200.182913	289926.244879	696111.454081	69701.725571	66568.3473812	94127.6636413	94787.2881557	33613.8747001	149433.347904	42620.4690792	19522.9669658	90931.7621574	18523.1596487	27801.0026243	106982.119139	56888.3092685	369232.30542	89714.5475133	47862.6016908	101772.808753	165199.09691
Respiratory effects on humans caused by organic substances (H.A)	470.51250772	579.798500742	258.097517845	47.9461634959	481.021056837	4125.78557144	412.376475557	82.3080574327	2183.35418648	362.306775753	3122.0539269	837.839938083	342.532587992	252.844490626	2914.49777488	158.30542118	50.8466978901	138.076528609	16.2212727732	935.596788152	1403.71495297	471.415448347	481.531072613	442.646466323	130.891975891	183.186926524	3031.11594431	20161.5869286	5274.54625489	26596.4201185	2009.59091812	2065.62324682	4313.97650351	16723.8968228	2973.55594247	3632.412002	1392.37754405	348.010469572	1650.65898127	938.707352704	385.447525683	4707.17287081	1380.58324346	11785.0495916	4899.30760579	1533.3760948	18747.5973874	4243.37152732
Respiratory effects on humans caused by inorganic substances (H.A)	141541.750637	146617.836935	82613.9520949	19317.7143431	133536.700206	1061351.499	107422.346082	31353.855797	499871.879455	119621.987711	751162.33789	204235.85474	74549.1982577	78460.290289	569904.75251	38713.7208646	10201.1591664	44766.1245694	3984.63679681	195034.809747	507011.995684	122913.921279	189773.059915	123200.350335	31026.2688004	46185.6198166	751155.094879	5540769.99288	1292553.99418	14414151.648	621443.036836	500216.168003	982314.498405	6545200.85001	658970.358968	1111315.5962	467517.331378	92519.8987773	643582.289439	231545.675879	109329.874072	2056315.71228	754783.436384	4554464.61976	1320364.70528	495569.431131	8518350.63336	930593.136111
Damages to human health caused by climate change (H.A)	30148.0265624	41453.2875191	12847.1329933	3237.40076336	30487.8873061	290464.806998	22511.2147733	4913.03650564	126276.912953	23817.8532631	166405.822947	46334.0992454	18782.3831456	20049.0396044	174788.342511	6919.47966103	3035.1819907	4661.48930844	1043.81402023	62060.9138638	85618.6015302	23315.037983	31951.8704382	26595.7908307	6677.62201542	14257.8114518	223473.480969	1584140.47649	379308.026475	1458966.22045	149129.075004	156934.697224	116609.859514	345328.655078	129679.715129	340318.127938	119334.117626	25057.6240808	102565.533698	60807.8668025	18348.09027	94838.9825356	74165.2022547	256230.722303	166286.257656	102435.559913	127734.966435	278536.222294
Human health effects caused by ionising radiation (H.A)	0	0	0	0	0	0	0	0	0	0	0	0	0	0	0	0	0	0	0	0	0	0	0	0	0	0	0	0	0	0	0	0	0	0	0	0	0	0	0	0	0	0	0	0	0	0	0	0
Human health effects caused by ozone layer depletion (H.A)	0	0	0	0	0	0	0	0	0	0	0	0	0	0	0	0	0	0	0	0	0	0	0	0	0	0	0	0	0	0	0	0	0	0	0	0	0	0	0	0	0	0	0	0	0	0	0	0
Damage to Ecosystem Quality caused by ecotoxic emissions (H.A)	2250822373.24	3027333491.28	752185659.261	1051532186.83	1307129420.9	20871436425.5	1601510352.37	349122832.95	8018253157.06	1996164866.52	10505500214.3	3456155039.47	893627381.496	1298026274.08	12649819260.4	479030061.461	220675517.03	580600811.001	115057088.785	3863782307.69	3468987270.58	1365339288.36	1829366176.35	2480627219.01	385659741.394	672048413.055	16328764047.7	84553218531.8	37587975684.3	99667807275.5	9644818674.58	10269554474.8	13079866942.1	20950775841	7381808169.1	23345207704.4	5964540276.77	2576285117.77	11702126817.8	3296391889.13	3092994229.37	13190410425.1	6506493968.35	42368728374.1	15370261283.9	6507476772.26	19148704828.7	25068656948
Damage to Ecosystem Quality caused by the combined effect of acidification and eutrophication (H.A)	2624906416.11	3674479720.56	1472754382.56	527575145.158	2255266352.09	23734622061.6	2019724795.99	458124231.056	11857934871.8	2168555400.86	14885779771.1	5013667646.19	1546588507	1988381115.75	14081266089.1	684722294.399	253274017.385	537148532.147	109075773.153	4988213347.77	8567772142.71	2158797495.11	2763119518.11	2577860183.83	571224782.467	1161730038.39	20419936063	154471380981	34486697031.1	137415067808	15484082711	12661101841.8	15926872777.2	38028454480.3	13021482090.6	28891241774.3	11779913885.9	2069286529.15	10855166691	5567835725.16	2400029236.57	11996887020.7	9497714951.77	35126997218.6	18781763993.3	9957425311.55	19048727052.5	28225948530.4
Damage to Ecosystem Quality caused by land occupation (H.A)	0	0	0	0	0	0	0	0	0	0	0	0	0	0	0	0	0	0	0	0	0	0	0	0	0	0	0	0	0	0	0	0	0	0	0	0	0	0	0	0	0	0	0	0	0	0	0	0
Damage to Ecosystem Quality caused by land conversion (H.A)	0	0	0	0	0	0	0	0	0	0	0	0	0	0	0	0	0	0	0	0	0	0	0	0	0	0	0	0	0	0	0	0	0	0	0	0	0	0	0	0	0	0	0	0	0	0	0	0
Damage to Resources caused by extraction of minerals (H.A)	0	0	0	0	0	0	0	0	0	0	0	0	0	0	0	0	0	0	0	0	0	0	0	0	0	0	0	0	0	0	0	0	0	0	0	0	0	0	0	0	0	0	0	0	0	0	0	0
Damage to Resources caused by extraction of fossil fuels (H.A)	0	0	0	0	0	0	0	0	0	0	0	0	0	0	0	0	0	0	0	0	0	0	0	0	0	0	0	0	0	0	0	0	0	0	0	0	0	0	0	0	0	0	0	0	0	0	0	0
Carcinogenic effects on humans (E.E)	15775.5611846	20271.8029757	5222.47748045	10089.3806271	8011.45954533	154905.458993	10481.794116	2532.31144615	50532.6944368	14529.0889446	63895.7453412	24737.7687221	5196.19715469	7890.59338449	86952.1832204	2823.59743824	1453.40961013	3654.47747879	700.439852961	27673.1291543	17209.8398413	7392.67691482	11227.2296614	17815.0608276	2383.63771553	4137.22114457	127504.452613	616200.182913	289926.244879	696111.454081	69701.725571	66568.3473812	94127.6636413	94787.2881557	33613.8747001	149433.347904	42620.4690792	19522.9669658	90931.7621574	18523.1596487	27801.0026243	106982.119139	56888.3092685	369232.30542	89714.5475133	47862.6016908	101772.808753	165199.09691
Respiratory effects on humans caused by organic substances (E.E)	470.51250772	579.798500742	258.097517845	47.9461634959	481.021056837	4125.78557144	412.376475557	82.3080574327	2183.35418648	362.306775753	3122.0539269	837.839938083	342.532587992	252.844490626	2914.49777488	158.30542118	50.8466978901	138.076528609	16.2212727732	935.596788152	1403.71495297	471.415448347	481.531072613	442.646466323	130.891975891	183.186926524	3031.11594431	20161.5869286	5274.54625489	26596.4201185	2009.59091812	2065.62324682	4313.97650351	16723.8968228	2973.55594247	3632.412002	1392.37754405	348.010469572	1650.65898127	938.707352704	385.447525683	4707.17287081	1380.58324346	11785.0495916	4899.30760579	1533.3760948	18747.5973874	4243.37152732
Respiratory effects on humans caused by inorganic substances (E.E)	142336.649058	147417.31973	83055.8065723	19387.9046823	134280.609911	1068883.03893	108239.730502	31521.3811143	502561.254287	120305.980331	755553.378265	205266.120437	75141.633061	78906.5136788	573274.877545	39009.1101837	10254.9107828	45077.1898462	4001.97042417	196578.679881	510065.69823	123597.183249	190768.099969	123924.824081	31207.6433434	46459.9905231	755916.118453	5583404.13709	1300121.73674	14478846.9671	625542.177438	503123.363815	991766.746532	6573090.49379	664292.265785	1117514.18374	470398.243272	93047.6813725	646718.580097	232901.54517	109966.850482	2066042.92104	758094.175546	4576354.53711	1327809.99226	497744.142864	8560608.65329	937572.203325
Damages to human health caused by climate change (E.E)	30148.0265624	41453.2875191	12847.1329933	3237.40076336	30487.8873061	290464.806998	22511.2147733	4913.03650564	126276.912953	23817.8532631	166405.822947	46334.0992454	18782.3831456	20049.0396044	174788.342511	6919.47966103	3035.1819907	4661.48930844	1043.81402023	62060.9138638	85618.6015302	23315.037983	31951.8704382	26595.7908307	6677.62201542	14257.8114518	223473.480969	1584140.47649	379308.026475	1458966.22045	149129.075004	156934.697224	116609.859514	345328.655078	129679.715129	340318.127938	119334.117626	25057.6240808	102565.533698	60807.8668025	18348.09027	94838.9825356	74165.2022547	256230.722303	166286.257656	102435.559913	127734.966435	278536.222294
Human health effects caused by ionising radiation (E.E)	0	0	0	0	0	0	0	0	0	0	0	0	0	0	0	0	0	0	0	0	0	0	0	0	0	0	0	0	0	0	0	0	0	0	0	0	0	0	0	0	0	0	0	0	0	0	0	0
Human health effects caused by ozone layer depletion (E.E)	0	0	0	0	0	0	0	0	0	0	0	0	0	0	0	0	0	0	0	0	0	0	0	0	0	0	0	0	0	0	0	0	0	0	0	0	0	0	0	0	0	0	0	0	0	0	0	0
Damage to Ecosystem Quality caused by ecotoxic emissions (E.E))	2250822373.24	3027333491.28	752185659.261	1051532186.83	1307129420.9	20871436425.5	1601510352.37	349122832.95	8018253157.06	1996164866.52	10505500214.3	3456155039.47	893627381.496	1298026274.08	12649819260.4	479030061.461	220675517.03	580600811.001	115057088.785	3863782307.69	3468987270.58	1365339288.36	1829366176.35	2480627219.01	385659741.394	672048413.055	16328764047.7	84553218531.8	37587975684.3	99667807275.5	9644818674.58	10269554474.8	13079866942.1	20950775841	7381808169.1	23345207704.4	5964540276.77	2576285117.77	11702126817.8	3296391889.13	3092994229.37	13190410425.1	6506493968.35	42368728374.1	15370261283.9	6507476772.26	19148704828.7	25068656948
Damage to Ecosystem Quality caused by the combined effect of acidification and eutrophication (E.E)	2624906416.11	3674479720.56	1472754382.56	527575145.158	2255266352.09	23734622061.6	2019724795.99	458124231.056	11857934871.8	2168555400.86	14885779771.1	5013667646.19	1546588507	1988381115.75	14081266089.1	684722294.399	253274017.385	537148532.147	109075773.153	4988213347.77	8567772142.71	2158797495.11	2763119518.11	2577860183.83	571224782.467	1161730038.39	20419936063	154471380981	34486697031.1	137415067808	15484082711	12661101841.8	15926872777.2	38028454480.3	13021482090.6	28891241774.3	11779913885.9	2069286529.15	10855166691	5567835725.16	2400029236.57	11996887020.7	9497714951.77	35126997218.6	18781763993.3	9957425311.55	19048727052.5	28225948530.4
Damage to Ecosystem Quality caused by land occupation (E.E)	0	0	0	0	0	0	0	0	0	0	0	0	0	0	0	0	0	0	0	0	0	0	0	0	0	0	0	0	0	0	0	0	0	0	0	0	0	0	0	0	0	0	0	0	0	0	0	0
Damage to Ecosystem Quality caused by land conversion (E.E)	0	0	0	0	0	0	0	0	0	0	0	0	0	0	0	0	0	0	0	0	0	0	0	0	0	0	0	0	0	0	0	0	0	0	0	0	0	0	0	0	0	0	0	0	0	0	0	0
Damage to Resources caused by extraction of minerals (E.E)	0	0	0	0	0	0	0	0	0	0	0	0	0	0	0	0	0	0	0	0	0	0	0	0	0	0	0	0	0	0	0	0	0	0	0	0	0	0	0	0	0	0	0	0	0	0	0	0
Damage to Resources caused by extraction of fossil fuels (E.E)	0	0	0	0	0	0	0	0	0	0	0	0	0	0	0	0	0	0	0	0	0	0	0	0	0	0	0	0	0	0	0	0	0	0	0	0	0	0	0	0	0	0	0	0	0	0	0	0
Carcinogenic effects on humans (I.I)	1208.26483122	1691.8939921	385.05208601	691.90080871	613.194657269	11567.8518702	803.823210956	179.549566721	4290.49944148	1074.99543031	5554.20980543	2005.76690154	405.07938347	690.95735361	6855.18954988	214.369149713	122.911616531	253.53385555	75.8239577962	2024.84125608	1469.109378	721.882591167	921.131802291	1296.51905525	203.096929418	314.685911488	9186.95011888	45846.6083542	23077.1326332	49939.8196643	5442.17482062	5599.43492376	6999.7306201	9556.01729617	4122.18206646	11157.0513366	3142.29941686	1525.45375926	6115.52050518	1714.20486516	1810.00750003	7533.8114654	3642.79968693	24458.3397315	8319.79240323	3594.70486193	8137.60284061	15166.6465986
Respiratory effects on humans caused by organic substances (I.I)	437.429597021	539.031418659	239.950036121	44.5749488751	447.199263778	3835.69127345	383.381254619	76.5207721445	2029.83709525	336.832080583	2902.53451016	778.929317437	318.448265399	235.066362379	2709.57215008	147.174571254	47.2715394447	128.368022691	15.0807145313	869.812638985	1305.01624534	438.269049635	447.67341907	411.52288666	121.688633836	170.306595753	2817.99060447	18743.9753477	4903.67972135	24726.3593289	1868.29155669	1920.38411227	4010.65003061	15547.9978275	2764.47779026	3377.00803311	1294.47599798	323.54098343	1534.59702165	872.704491967	358.345746533	4376.19977833	1283.51098415	10956.4132922	4554.82503976	1425.56058814	17429.4069461	3945.0094668
Respiratory effects on humans caused by inorganic substances (I.I)	77644.3225207	71580.3576359	48983.825054	9086.95077132	75993.8067654	547964.988922	59337.7742058	18854.3610915	252164.349209	66474.2201823	404723.882395	102713.373882	39218.6972307	38060.5947024	281228.147784	21587.3151111	4984.08093787	27350.5752544	1915.373304	94685.3212464	295400.605809	69272.8818688	112816.728013	65686.0674142	17070.3346194	22901.4102972	351152.84232	2571058.65092	615217.031387	9362974.42613	307822.673339	244751.220528	557024.763304	4454306.3044	355671.96283	537789.904796	229617.428136	47975.6092663	368823.18059	119984.116565	56769.586076	1391629.49372	470133.829935	2987392.91904	778079.795477	267747.174555	6031187.53164	403666.787498
Damages to human health caused by climate change (I.I)	28863.6095501	39681.1389839	12326.2436943	3095.88497541	29176.9945979	277922.016907	21550.0140411	4706.2016163	120837.564286	22825.4168303	159318.218832	44439.0319721	17996.7404599	19154.0251008	167310.638711	6644.90523123	2908.0626276	4465.72328445	998.066649444	59408.4453775	81985.2186663	22312.6611499	30595.0536841	25467.0796253	6400.73043375	13658.1084154	213624.586371	1512944.02184	362600.268339	1392729.89517	142431.341806	150135.010595	111513.70186	330028.812041	123884.859011	325149.214713	114063.707472	23968.9481161	98156.3249077	58166.9436465	17536.9667388	90697.3203184	70825.3656841	244612.28414	158965.889539	97981.1768646	122103.803338	265884.072088
Human health effects caused by ionising radiation (I.I)	0	0	0	0	0	0	0	0	0	0	0	0	0	0	0	0	0	0	0	0	0	0	0	0	0	0	0	0	0	0	0	0	0	0	0	0	0	0	0	0	0	0	0	0	0	0	0	0
Human health effects caused by ozone layer depletion (I.I)	0	0	0	0	0	0	0	0	0	0	0	0	0	0	0	0	0	0	0	0	0	0	0	0	0	0	0	0	0	0	0	0	0	0	0	0	0	0	0	0	0	0	0	0	0	0	0	0
Damage to Ecosystem Quality caused by ecotoxic emissions (I.I)	322149673.018	421675607.829	105261013.345	153287813.415	184899787.187	2985065662.69	222188586.242	48000953.0725	1116535240.09	289172045.531	1485469796.75	487089096.417	125385809.67	180460488.113	1766045050.02	62299481.2505	30738718.9518	70579273.9941	16098431.4474	553630624.154	496285622.187	190915122.112	252195158.157	358710751.505	53983769.6151	93371927.5112	2343921941.66	12501208367.9	5406749947.24	14849790322.7	1417684723.84	1453740560.97	1932113414.74	3151915431.19	1053686259.49	2903126053.62	863270754.726	361332131.12	1598247195.94	456272102.49	443768738.099	2007002159.61	981704447.872	6262327724.5	2046254210.87	917443518.119	3045477754.56	3385262724.02
Damage to Ecosystem Quality caused by the combined effect of acidification and eutrophication (I.I)	2624906416.11	3674479720.56	1472754382.56	527575145.158	2255266352.09	23734622061.6	2019724795.99	458124231.056	11857934871.8	2168555400.86	14885779771.1	5013667646.19	1546588507	1988381115.75	14081266089.1	684722294.399	253274017.385	537148532.147	109075773.153	4988213347.77	8567772142.71	2158797495.11	2763119518.11	2577860183.83	571224782.467	1161730038.39	20419936063	154471380981	34486697031.1	137415067808	15484082711	12661101841.8	15926872777.2	38028454480.3	13021482090.6	28891241774.3	11779913885.9	2069286529.15	10855166691	5567835725.16	2400029236.57	11996887020.7	9497714951.77	35126997218.6	18781763993.3	9957425311.55	19048727052.5	28225948530.4
Damage to Ecosystem Quality caused by land occupation (I.I)	0	0	0	0	0	0	0	0	0	0	0	0	0	0	0	0	0	0	0	0	0	0	0	0	0	0	0	0	0	0	0	0	0	0	0	0	0	0	0	0	0	0	0	0	0	0	0	0
Damage to Ecosystem Quality caused by land conversion (I.I)	0	0	0	0	0	0	0	0	0	0	0	0	0	0	0	0	0	0	0	0	0	0	0	0	0	0	0	0	0	0	0	0	0	0	0	0	0	0	0	0	0	0	0	0	0	0	0	0
Damage to Resources caused by extraction of minerals (I.I)	0	0	0	0	0	0	0	0	0	0	0	0	0	0	0	0	0	0	0	0	0	0	0	0	0	0	0	0	0	0	0	0	0	0	0	0	0	0	0	0	0	0	0	0	0	0	0	0
Damage to Resources caused by extraction of fossil fuels (I.I)	0	0	0	0	0	0	0	0	0	0	0	0	0	0	0	0	0	0	0	0	0	0	0	0	0	0	0	0	0	0	0	0	0	0	0	0	0	0	0	0	0	0	0	0	0	0	0	0
photochemical oxidation (high NOx)(incl. NOx average, NMVOC average)	57030199.1567	60162784.1767	50922198.8637	3311490.66993	64169557.7443	539279126.088	59806608.9956	14097321.2534	250526204.245	47244526.6039	381535270.258	101820199.181	45519038.048	24961108.6647	330865314.075	22853356.351	5486671.06188	21624661.5349	1803092.80958	119589276.238	246157871.965	61645213.1598	73231986.4266	55673207.2692	16145898.4121	23533939.2894	322139657.47	2267088741.19	570433479.773	5241188410.58	237350748.242	235849408.453	653688526.032	2878477915.85	406008581.453	400916909.17	158770381.399	41032679.9759	224909920.261	131295580.182	45021806.699	825149375.179	259406884.84	1842824211.44	625135277.774	176677308.468	3549146365.64	422226753.806
photochemical oxidation (high NOx)(incl. NMVOC average)	94827338.8256	112365616.831	67183975.6503	10686270.3024	95733716.9907	872809610.666	87825487.753	19971805.7304	416269831.577	77888586.3029	592809989.588	169836735.099	67930414.7959	53257537.786	529236538.863	32677849.1429	9115695.23251	29466925.5675	3258271.23438	189765384.67	354934761.409	91677298.6056	110891956.507	91275140.162	24362177.4805	39407062.5129	612615508.892	4436105724.97	1053463876.39	6918027834.66	451697976.773	412940197.471	889878050.15	3345147349.62	590480834.056	803054052.14	322965405.919	69777331.7833	372904338.603	202927730.398	78920049.9601	984015642.809	376728966.624	2336217845.71	898762297.03	314777326.307	3817466883.03	828819654.542
human toxicity HTP inf. (incl. PAH average, Xylene average, NMVOC average)	166831356227	208289136830	55856193781.3	104296699798	87909766224.2	1.63649083532e+12	110330459990	26735995891.4	541146205493	151318341914	670799038155	256436141496	56933967639.3	79503386057.3	932320462259	29826921374.2	15728828833.8	38868087747.2	6376073620.91	295942726490	182409692490	76311647506.1	119695239358	190218381659	25266229811.6	44897485429.8	1.35569384687e+12	6.57144016542e+12	2.97814247685e+12	7.37308967938e+12	732501096957	714961035559	983371886176	1.01331025644e+12	327833798855	1.57173556877e+12	455879211037	201128089334	964101758425	201359638254	298260432540	1.12321425327e+12	610673061898	3.913132175e+12	893585482179	491204707914	1.06717440096e+12	1.61376249432e+12
Freshwater aquatic ecotoxicity FAETP inf. (incl. PAH average, Xylene average, NMVOC average)	262771791.247	307333098.235	94972661.9856	111171958.376	171747248.114	2287953791.93	177311647.626	43639983.1942	839108133.972	223892149.108	1195867345.87	380641727.78	100848474.746	136159127.146	1264017086.13	52870418.5774	22324059.9837	64454873.5842	10772865.5178	392597675.743	513647362.322	161355294.135	234838661.219	259139435.17	46341225.8465	67234967.9861	1691400762.84	9235440881.05	3842899946.4	15651046134.3	1046802244.83	1022480254.24	1591109225.03	5071173762.35	849418336.612	2071636073.53	675008107.684	273022716.829	1285349635.22	318229550.285	334352662.629	2406058709.06	968448131.472	6572054671.67	1861650147.62	776300995.104	6987336158.75	2394510949.55
Marine aquatic ecotoxicity MAETP inf. (incl. PAH average, Xylene average, NMVOC average)	1.05834007016e+12	1.33618171741e+12	432851971091	499661366109	952090471409	1.08014245678e+13	724952540810	219756014107	3.71423397786e+12	908872683914	4.60837283864e+12	1.89319275091e+12	415731972620	584868921682	5.59483310882e+12	183428926680	96275680833.3	202093649298	52824547662.1	1.75237210655e+12	2.14888118192e+12	624038465592	970981134401	1.07507782089e+12	213140490824	339841141212	7.94066093443e+12	4.77550629997e+13	1.77927553248e+13	4.90362293704e+13	4.91454263548e+12	4.79167043789e+12	5.33846483119e+12	1.03498798169e+13	3.63059854637e+12	9.93793887747e+12	3.8623906801e+12	1.23813601868e+12	5.14716070514e+12	1.650126045e+12	1.40915883801e+12	5.89691678341e+12	3.72840309144e+12	1.88316141109e+13	6.16488618382e+12	3.2987687831e+12	6.24722262552e+12	1.0948911205e+13
Terrestrial ecotoxicity TETP inf. (incl. PAH average, Xylene average, NMVOC average)	1367294811.07	1710481380.65	435938855.185	794865473.085	741995411.465	13251385684.2	891868790.372	210830469.515	4178035833.27	1198835591.37	5348221367.59	2045899692.68	476946101.075	629172420.06	7214669208.68	236111857.349	116239969.955	293180458.972	48531176.0673	2392467566.04	1574612158.08	652624636.271	987839907.203	1527820660	198647755.208	377085994.158	10603962201.9	50487505160.3	22954352801.8	60557929187.8	5680456387.48	5542624787.97	7672627283.88	7337825149.71	2324705868.67	12078469628	3897274194.16	1591386956.29	7603217671.98	1572095182.27	2371300248.85	8516650875.7	4800805381.09	29438152344.9	6572931357.5	3840382370.24	7129673224.91	12148688493.8
global warming GWP100 (incl. NMVOC average)	145095063198	199162353725	62675688723	15571627370.5	147165845751	1.39503571336e+12	107944806947	23819582658	607993649287	115400012457	802108598067	224821759954	90978246965.8	95921166362.7	842043593020	33673722660.9	14679752766.9	22556947818.8	5015329311.85	299243655276	413687263978	112091402421	154352460399	128218295162	32396770422.6	69117359772.7	1.07365363912e+12	7.59259978105e+12	1.82531195325e+12	6.98791748195e+12	714287643811	756712264912	559663451299	1.65936009482e+12	622041516900	1.6358364961e+12	571637830847	120156962169	494035728505	292440119420	87930594687	455425673090	354844600541	1.22498001604e+12	797194827893	493219370799	610668839170	1.32963671703e+12
ozone layer depletion ODP steady state (incl. NMVOC average)	8337.55406353	10267.6269278	4551.71070756	851.270795241	8521.09157039	73172.2419575	7335.50745864	1454.05887742	38777.0885478	6384.13366635	55435.0766717	14783.4413402	6059.68941171	4502.98533526	51693.4739163	2797.30290942	898.80062798	2459.95029597	288.403597451	16560.2643052	24841.5541662	8391.63930904	8510.36265642	7843.02837749	2315.53957579	3217.65468077	53830.6478512	359050.924908	93624.2037802	475700.588694	35817.4768755	36532.8717018	77251.873619	299912.475799	53170.6423686	64356.9335086	24723.4436309	6178.82175441	29276.9379849	16669.8507012	6884.94099634	84392.3866305	24688.9524772	211621.783186	87674.6779896	27201.1191702	337069.318838	75917.7851989
Total Emission relevant energy use	1543229.83675	2112762.78906	574030.903	163177.236785	1455062.36014	14822538.7488	1105344.81026	252234.773112	6190481.49602	1288301.07037	8708434.88958	2065607.5716	983723.535497	1057987.25417	8881843.73662	343115.761677	150054.455499	277836.460987	54371.4692866	3294160.28016	4021986.9767	1199538.38536	1625361.68583	1432178.20893	312155.374751	661507.519621	12159363.0765	91335978.8751	19044919.9564	63282221.7015	8511750.48222	7032019.07432	7420332.3324	21989158.414	7452030.74344	19437033.0283	6008556.24099	1276666.9646	4858650.61584	2892791.76953	904772.841946	6568642.26677	3819280.30613	18912922.1963	10108962.0104	5619663.10986	16632243.7361	16997362.0065
Total Energy inputs from nature	2092433.4159	2925796.72848	852215.694853	133328.680775	2114560.16624	20460500.6775	1575623.1361	300224.648916	9747586.78442	1728469.01022	14466856.636	3136964.59759	1053854.23725	1225773.90657	13663656.4173	435374.612672	273507.673522	337796.898339	61023.9677246	4748535.61097	5030170.5424	1856474.91738	4286016.50463	2231933.57806	502389.641976	1619993.67631	16358352.692	98091961.6771	26796641.948	67971227.5264	12658019.3977	12369799.1019	10320799.0409	26938262.2593	8408081.22529	24610981.495	6912650.95614	1480288.09419	6762065.58886	4309098.14215	2326657.0819	7537053.31854	3716593.6529	10442136.068	11624875.8347	4595771.83426	8615945.60234	13966410.6578
Total Energy supply	3341843.74438	5916259.50354	1352741.07658	245050.118132	4846405.73981	33015264.2482	2634224.92798	521146.874098	15819513.0038	3016933.80222	23905210.0181	4978670.70729	1981681.77452	2865757.20871	21407276.7001	903176.797923	466752.269772	531273.900082	119140.214638	8037744.2006	7744796.49036	3034235.71213	5424437.5131	3785764.25954	826975.848593	2322161.85883	26728491.5183	166578755.012	53840998.2046	105917376.186	19606912.4052	20283690.2398	16235676.2954	38914573.2038	14044996.8213	38874145.6131	10898727.874	2617935.44049	10175584.2356	6910048.03291	3444816.94472	10442143.8597	6408826.58858	16250433.4471	19410799.8557	8944811.24891	12708386.7547	27832145.4311
Total Energy Use	3471355.90427	7327137.62895	1468168.92302	313356.341826	4935179.53565	32862034.3442	3246664.6356	543023.834155	15086091.0436	3200760.78901	24924216.7125	4654574.65531	2368716.6325	2903814.39371	19909690.2072	1161581.49259	516908.988483	566613.478046	158617.361629	13306328.7814	7937389.66783	2777565.22911	3413905.64951	4454161.23644	752160.959933	1913283.62628	29196829.3159	186299063.794	52083864.2503	108896392.957	27161455.533	18887211.1836	17428917.1121	38389253.1361	18544952.4798	62348123.3522	19046413.0437	3035814.77091	9364039.33799	7141994.67114	10657596.4018	17799075.4916	9829105.81161	44184377.1099	31809823.4525	15706911.7876	44930015.9895	83990468.1722
Total Heat rejected to fresh water	104918.267866	149001.363846	152323.723952	2764.2224088	52837.6416401	981912.506379	32114.2954293	96557.5206502	330698.214718	83443.5768391	1120931.89281	86096.823642	132011.171984	110148.58625	593621.724856	75226.0864294	18702.1785685	12418.6144153	1238.79250353	246373.908587	311711.169875	159928.442826	162029.48314	99632.1226864	16389.4644533	68749.7159574	377429.958227	9868166.47495	192746.212667	1607079.03994	1095480.24003	117699.028836	125994.315566	862467.298064	112695.68203	1242149.52994	271908.085045	102669.993623	102189.065288	41818.6797304	38686.1006942	60047.5085671	23299.2905749	527039.655905	237956.367886	831185.532949	77998.7327658	451776.287983
Domestic Extraction	295358.775075	364862.687417	120557.768006	33485.0294629	231792.216666	2298144.48293	195311.775327	45113.3777261	1415771.08677	240951.888655	1632914.36754	378537.441745	152573.737631	264121.480561	1425001.53843	54924.5928138	27218.2224397	51843.7843155	9247.14893473	537839.507707	641746.642792	277765.771106	519580.604359	304138.29947	61884.6241651	119360.762613	1823932.18706	9787093.1695	2306241.32866	14824148.1388	1090700.4129	1292266.4663	2342306.74484	4892159.59507	1391943.79767	2339113.55062	989230.918798	202923.235715	897358.082713	399096.778042	194765.983731	1166349.83871	494911.311613	2029485.21365	1987557.54932	627950.528776	2439752.6992	1834533.22702
Unused Domestic Extraction	335230.505582	272196.801688	116829.542313	9906.69188504	315152.871701	2745900.11256	139082.026428	45343.3574579	976701.423415	177375.771533	1064287.66274	639081.271427	119721.419566	127738.571393	1095211.37935	30708.2128649	15579.8432284	25271.670161	4657.42119691	367548.388867	770282.001754	160555.675566	294461.478122	207568.031511	47627.5674297	94500.3526985	1472736.05381	8333802.81469	2662796.63948	4700268.07307	683021.458103	955459.392169	766413.550466	3624745.70999	597930.953161	1573975.55161	1520061.47768	179758.805541	625384.146444	357362.339485	124108.018222	509956.916837	883338.802588	761081.428145	1005249.60488	513452.667916	751435.552199	629919.885013
Water Consumption Green - Agriculture	9718.37920059	23593.8759713	3733.34802309	621.854872504	8223.50697672	117943.551375	9206.84981646	1873.05983483	68345.1300661	6529.73104646	101958.90888	15623.6169816	6614.43764461	8411.31326073	77576.7654015	2802.94272985	2009.55207655	2065.97193838	769.459328664	42121.0495546	25986.795293	14803.9735307	15443.6330686	9646.34824403	2558.37769498	4675.26215576	99144.9834664	386682.73264	114933.815076	557302.659401	59451.7968283	60179.2400234	223080.113899	761435.301415	104348.023963	155575.131517	37716.17516	11972.5420605	54444.0344322	19885.9225895	8028.82901348	260875.099254	24807.6352873	258588.131463	117910.476829	40429.8884095	503826.079898	38188.488821
Water Consumption Blue - Agriculture	2734.02799361	6473.79478876	1465.21868609	291.845598217	1934.86889104	33377.9570799	2961.13897472	378.992577354	28110.7137179	1774.95706625	29058.3429333	8017.98050037	2110.79010825	2043.44948812	26048.114307	541.714692134	500.106531613	407.515447258	270.058429692	11231.8852603	4978.84362487	6008.14834731	7154.67214775	3160.44182773	597.304580445	1531.21382273	29696.4515037	197549.235347	39499.6579132	213161.131437	18664.2054544	18620.3711562	29752.3436581	331093.019219	32906.972991	45187.5126162	16338.4264945	3070.94535189	28147.8461161	7085.58198873	2211.01842858	18442.7399702	7526.48436682	100648.506879	28010.1443104	14072.7066631	89378.5147037	31938.1775653
Water Consumption Blue - Livestock	77.1762839098	142.975890143	27.6660118857	7.5010114164	68.5091293725	807.632948225	63.8321883642	14.2719400385	579.899294518	50.7828553239	780.238316002	176.19621277	50.2055096714	89.0329712972	537.472349409	31.4639636074	13.6842602869	20.4496346793	8.95892835424	206.068313675	196.182207773	136.466537228	111.33995651	84.267988025	32.9771126622	77.6793193127	934.549058256	3548.66554601	643.436112011	3808.95986639	466.326441954	311.559274388	2489.63109792	2591.86673371	741.586020296	1526.34923042	569.038319636	86.0695336512	373.379486634	115.103352276	56.8187045299	353.433901309	308.822649154	1104.98124075	1950.22244745	669.781207657	2770.41386201	687.066468851
Water Consumption Blue - Manufacturing	277.166207852	577.960660818	113.018763433	12.7602372126	251.3955358	2443.54071144	175.49280613	27.6254895484	942.651181123	230.393257663	1812.75982744	282.074454795	151.508866522	178.156009563	2020.35083963	44.1951081603	27.5995448852	49.6331977592	7.65241839096	585.674935477	501.133222935	165.76815803	235.955875655	310.694750375	40.8660935264	214.487622049	2131.81045915	6744.33233619	2400.46864774	20507.6273256	1000.93868105	1043.94559986	1444.28706712	7092.07877845	1032.57823602	2295.76763377	681.705279159	215.458352719	1376.48883052	319.761216501	332.648285478	401.047853348	292.699549858	2234.57321978	1141.8792396	753.09271627	3411.24410343	840.736446626
Water Consumption Blue - Electricity	63.1025951519	125.834104536	35.5208284556	2.32300962712	122.252382244	854.43286297	32.3818556915	13.4498980223	231.366164023	37.0135802089	877.896851916	91.6048549812	50.6173607883	27.3866833423	307.612092636	21.1531838493	17.1767734015	7.04844929324	0.945990012795	118.445427603	220.025940147	37.5177347839	78.9472244952	51.1695770143	18.389894497	55.3549978379	432.733685165	5013.14155676	204.527775887	3621.67375531	322.68083023	164.336157393	92.5612984043	856.885699841	210.501162124	991.980006873	301.071497596	93.8685722157	196.243319277	31.8176423481	31.1552397665	109.449325268	243.31045142	410.437161592	192.819183497	336.624373904	56.9990845835	284.576381907
Water Consumption Blue - Domestic	58.5355	74.2917	57.69	10.1382	71.7306	397.319	41.7563	0.47945	410.903	59.4987	548.503	158.097	124.18	54.2941	775.063	63.9121	3.81612	15.5129	2.39053	137.517	323.742	104.607	349.096	108.762	26.82	35.9852	895.54	7768.69	1320.09	5011.71	920.073	847.208	2892.52	7513.76	2336.18	4008.02	340.115	117.463	604.298	437.374	119.117	1263.81	377.365	13324.41034	3419.789257	1893.69733	2307.701691	811.6816
Water Consumption Blue - Total	3210.00858052	7394.85714426	1699.11428986	324.568056473	2448.75653846	37880.8826026	3274.60212491	434.819354964	30275.5333576	2152.64545945	33077.7409287	8725.95302292	2487.30184523	2392.31925232	29688.6125886	702.439047751	562.383230186	500.15962899	290.00629645	12279.590937	6219.92699572	6452.50777736	7930.01120441	3715.33614314	716.357681131	1914.72096193	34091.0847062	220624.064786	44068.1804488	246111.102384	21374.2244077	20987.4201879	36671.3431216	349147.610431	37227.8184095	54009.6294873	18230.3565909	3583.80481047	30698.2557525	7989.63819986	2750.75765835	20570.4810502	8748.68201725	117722.908842	34714.8544379	17725.9022909	97924.8734447	34562.2384627
Water Withdrawal Blue - Manufacturing	1977.2295312	2260.86495412	391.604913203	55.162892655	1001.34309311	11936.5954063	781.453205708	123.689453589	4488.27050165	888.360892244	8335.41465767	1197.37517326	703.604843223	748.092339129	10203.3137927	212.913042868	123.92411936	183.604109699	34.5645569329	3203.23466475	2084.26790733	803.527545082	1304.11717048	1438.00753626	236.415362815	968.763216018	8903.30765621	41296.8277234	13186.3068186	54482.2030432	5441.93358416	5135.01795337	9268.05968377	46858.3862462	5096.96929871	10284.1876801	3446.38168499	1216.72816487	4444.71103286	1941.21521975	1493.62148371	2132.41131378	1667.10569737	15672.9062937	8406.96314385	4482.17118036	9249.27419001	4598.00395599
Water Withdrawal Blue - Electricity	2223.32556331	4511.55169426	2311.73545951	76.8643818598	1125.91966909	23644.2336851	846.113516084	1261.60483633	9243.51638432	1168.8571532	20023.5425591	1825.64312561	3747.39675008	1003.73062415	14190.1457787	1543.6864608	724.429416127	271.42435251	38.2457441837	7338.46570389	6768.82790657	1638.34663901	3857.20634721	1266.78610275	634.475498027	827.310387292	14102.9157281	202293.963685	7684.3933347	64813.2867029	23603.0573779	10977.845728	7102.58832797	12251.5259875	3256.11491308	26738.8419114	3235.64244026	2697.38165252	5558.67278897	1558.0652942	993.429517825	9450.96917285	971.872796293	29920.7320045	16833.7080828	9243.3640062	2074.16365484	25316.1050081
Water Withdrawal Blue - Domestic	582.038	669.856	486.759	94.6236	743.689	3590.06	383.587	58.6847	3105.33	381.204	5463.87	1042.88	786.099	469.101	7712.49	126.166	34.4083	109.098	19.6488	1202.22	2500.93	706.707	2749.13	873.039	212.91	362.101	7384.28	52860	15233	48817.7	5751.72	7180.61	11484.9	34133.9	11029	16032.1	3725.41	941.751	5626.96	3529.74	791.475	8885.76	3253.71	45439.48931	26927.8418	8476.8312	16439.00531	6647.111
Water Withdrawal Blue - Total	4782.59309451	7442.27264838	3190.09937271	226.650874515	2870.9517622	39170.8890915	2011.15372179	1443.97898991	16837.116886	2438.42204545	33822.8272167	4065.89829887	5237.1005933	2220.92396328	32105.9495714	1882.76550367	882.761835487	564.126462209	92.4591011167	11743.9203686	11354.0258139	3148.58118409	7910.45351768	3577.83263902	1083.80086084	2158.17460331	30390.5033843	296450.791409	36103.7001533	168113.189746	34796.7109621	23293.4736814	27855.5480117	93243.8122338	19382.0842118	53055.1295915	10407.4341252	4855.8608174	15630.3438218	7029.02051395	3278.52600153	20469.1404866	5892.68849366	91033.1276082	52168.5130266	22202.3663866	27762.4431548	36561.2199641
Land use	203454.558506	415585.637215	75401.8014808	13030.011342	131589.886063	2164881.92229	173217.049775	44603.5066804	1276518.67731	302472.789182	2434074.18072	388610.467235	106994.369649	189326.83096	1491589.57074	54580.4562416	38041.7175834	65153.7261152	7909.75922005	735302.57552	427752.466152	260214.030319	256118.180597	316936.923443	53740.3232861	94987.2520108	1654437.27365	10833887.7823	2408673.19189	9275208.53178	2703004.15871	954698.492012	6079711.12614	3051472.78354	2231348.124	10403039.7737	5012082.461	231537.139557	1023958.27564	392122.514872	277380.591861	1107561.55361	1104689.00614	2635707.2836	4016446.52646	693105.900046	8122639.24684	2153972.74352
