impact	AT	BE	BG	CY	CZ	DE	DK	EE	ES	FI	FR	GR	HU	IE	IT	LT	LU	LV	MT	NL	PL	PT	RO	SE	SI	SK	GB	US	JP	CN	CA	KR	BR	IN	MX	RU	AU	CH	TR	TW	NO	ID	ZA	WA	WL	WE	WF	WM
Value Added	0.0294964839002	0.0287120005567	0.00471513597777	0.0144331616966	0.0111419182963	0.025802462105	0.0372007772476	0.0122268761383	0.0237221557601	0.0297626351264	0.0285425131143	0.0213178844708	0.00916958601477	0.0367491043529	0.0245839159373	0.00903477626805	0.0500504897848	0.0104325996608	0.014445625159	0.0301858409372	0.00788345780737	0.0169500862162	0.00627682805497	0.0317706064835	0.0163154904708	0.0110663869454	0.0328251825969	0.034975715277	0.0228204278399	0.00168824321026	0.0295434812431	0.0147126355353	0.00480344338806	0.000709638688119	0.00660202468628	0.00684289571429	0.0305705501408	0.0328370413912	0.0072775066291	0.0107644114307	0.0472239515903	0.00138515197408	0.00380110326147	0.00101799697729	0.00298239006049	0.00290597092833	0.000583123896625	0.00295147035754
Employment	0.000849477922158	0.00105688738421	0.000411400947568	0.00056069860429	0.000577966880582	0.000895422110935	0.00103230591101	0.000743343401934	0.000883820276278	0.000845490338813	0.000871071505216	0.000894359167545	0.000466948505973	0.00116925780637	0.000814055173445	0.00056169552627	0.00204344623103	0.000634953501222	0.000643630512027	0.00117186724878	0.000459014637687	0.000766181241753	0.000458775774917	0.000841333016918	0.000773302020008	0.000669435727908	0.00112999859332	0.000864639162382	0.0007892196392	0.000499441870329	0.000987510158028	0.000720317367824	0.000460263474325	0.000367140811934	0.00040778057181	0.000625849655337	0.00116887108716	0.000987613617056	0.000375571412482	0.000603388412983	0.00116015364283	0.000381846948871	0.000317196270423	0.0003473504958	0.000390645164104	0.000405262975435	0.000299050508958	0.000235282204267
Employment hour	1205.02178453	1115.09316737	699.297711362	913.587894047	948.058719495	1219.73090333	1485.18469241	1066.07660702	1157.62213462	1286.73404785	1030.74110656	1475.32261306	763.60078163	1404.29307993	1101.31568374	968.609374005	1959.14550873	1072.50867477	949.761046633	1324.37576495	815.378282134	1138.15029578	856.28088128	1257.95707422	1114.57269159	945.718026802	1743.99891861	1260.02525962	1354.12674358	1075.93369397	1377.7475474	1254.06431583	942.788006791	841.638361638	850.397354999	1019.66714035	1656.62101242	1437.85858192	777.736326748	802.447505753	1681.21758819	763.956227919	581.274800583	61.4508063268	52.3072083443	50.5618903467	10.1242005156	78.743310093
abiotic depletion (elements, ultimate ultimate reserves)	0	0	0	0	0	0	0	0	0	0	0	0	0	0	0	0	0	0	0	0	0	0	0	0	0	0	0	0	0	0	0	0	0	0	0	0	0	0	0	0	0	0	0	0	0	0	0	0
abiotic depletion (fossil fuels)	0	0	0	0	0	0	0	0	0	0	0	0	0	0	0	0	0	0	0	0	0	0	0	0	0	0	0	0	0	0	0	0	0	0	0	0	0	0	0	0	0	0	0	0	0	0	0	0
abiotic depletion (elements, reserve base)	0	0	0	0	0	0	0	0	0	0	0	0	0	0	0	0	0	0	0	0	0	0	0	0	0	0	0	0	0	0	0	0	0	0	0	0	0	0	0	0	0	0	0	0	0	0	0	0
abiotic depletion (elements, economic reserve)	0	0	0	0	0	0	0	0	0	0	0	0	0	0	0	0	0	0	0	0	0	0	0	0	0	0	0	0	0	0	0	0	0	0	0	0	0	0	0	0	0	0	0	0	0	0	0	0
Landuse increase of land competition	0	0	0	0	0	0	0	0	0	0	0	0	0	0	0	0	0	0	0	0	0	0	0	0	0	0	0	0	0	0	0	0	0	0	0	0	0	0	0	0	0	0	0	0	0	0	0	0
global warming (GWP100)	17477.7021328	18741.5608146	8181.2906578	14645.8751933	14239.0985313	16955.7994782	19762.269657	17751.5286597	13545.7182958	21817.657793	12528.7857927	20083.7582603	9046.17586872	22013.7360268	14180.0091407	9973.94632539	30579.5892945	9908.22898131	12259.5362387	18264.9680798	10850.7983773	10564.7995853	7162.79147247	14014.1684888	16050.6778108	12804.7013141	17603.0001663	25202.8838335	14284.3977109	5301.66432151	21690.5923809	15569.3766503	2944.84602104	1431.09161598	5478.1833624	11510.9795275	27197.9458058	15910.8693156	7107.95763736	12736.6235563	18669.4045577	1971.05473467	7352.17840587	1441.53337182	2934.29592127	5890.09894568	740.95951345	4834.13313466
global warming net (GWP100 min)	17679.705928	18931.2653368	8253.02897824	14964.0985049	14364.248006	17151.2779212	20061.8539333	17949.0838272	13697.4433324	22037.6012506	12671.7444552	20260.1956992	9138.63148826	22358.1035604	14299.4341463	10093.7611529	30784.1536738	10159.3382068	12406.6681687	18442.9151784	10996.0567087	10706.7524555	7243.60204567	14183.7263887	16188.6555531	12882.9049346	17827.1951938	25620.5341934	14452.0594861	5408.21248291	22070.2844176	15703.4887886	3052.77872716	1474.70672761	5591.36582835	11640.1751253	27605.7632897	16082.2337412	7213.97155044	12873.999706	19091.483169	2048.34328667	7530.06639912	1498.98976721	3002.41553549	5960.99182069	822.810187402	4922.83507054
global warming net (GWP100 max)	17889.1610889	19080.4266028	8386.35450475	15064.6856846	14525.951321	17354.9718662	20412.1290702	18240.1785318	13818.7781125	22324.5807305	12821.3348265	20441.9085189	9274.10180525	22563.3660574	14416.1724359	10299.5911183	31003.2902812	10493.4920137	12481.5527992	18651.3281165	11182.2966262	10850.3015892	7349.78028134	14355.4884746	16387.5634039	12988.048865	17985.8191479	25924.6709042	14570.4822972	5527.83910114	22335.7637748	15825.1066179	3174.54645127	1535.89242831	5700.86831144	11726.8641285	27890.6565905	16229.5346259	7312.86796596	12999.5763406	19378.4913153	2155.62908343	7689.71493373	1562.78885857	3065.78445254	6013.02078562	959.485914489	4975.20367984
global warming (GWP20)	20632.0361121	21900.470471	10653.5162917	16852.247653	16898.3053228	19589.2232575	22916.360925	21869.2000939	15865.7532292	27035.3491482	14897.7409078	25421.1596588	11153.9750662	24192.5357649	16756.1491575	13074.1349426	37430.8641621	12127.5109292	13996.9385223	21685.5054715	13085.8826545	12316.8456858	8624.71841552	16730.2975867	20076.1817604	15779.7018408	19982.5848546	27732.1889563	16338.998646	5747.96168476	23818.9925285	18223.7845535	3351.45794901	1614.84552969	6087.12382603	12956.5275184	30398.2805712	18147.9911091	8354.40206828	14676.710208	20876.8289177	2249.49275037	8000.34324497	1551.55720441	3301.56870673	6844.13950486	817.873454047	5158.13985395
global warming (GWP500)	15900.8051213	17055.4843622	7178.75364861	13610.1246729	13074.5077815	15592.0505829	17931.2101139	16033.7215977	12440.5896442	19522.1996442	11398.4635305	17681.2533987	8134.32502568	20800.7894678	12943.809588	8563.19582622	27490.7054978	8918.96763111	11423.9349811	16674.103619	9845.33699363	9667.0322525	6505.33934276	12710.1469711	14314.740464	11558.5757409	16488.9963954	24024.0629199	13405.0372799	5110.144584	20628.4647895	14472.5331433	2734.63948042	1348.45556588	5190.84028553	10896.2344004	25453.4612111	14691.32475	6522.64159691	11893.9801219	17506.941248	1829.82452393	7020.09115971	1380.49516679	2736.91849582	5448.81309413	690.939173328	4639.19024425
ozone layer depletion (ODP steady state)	0	0	0	0	0	0	0	0	0	0	0	0	0	0	0	0	0	0	0	0	0	0	0	0	0	0	0	0	0	0	0	0	0	0	0	0	0	0	0	0	0	0	0	0	0	0	0	0
ozone layer depletion (ODP5)	0	0	0	0	0	0	0	0	0	0	0	0	0	0	0	0	0	0	0	0	0	0	0	0	0	0	0	0	0	0	0	0	0	0	0	0	0	0	0	0	0	0	0	0	0	0	0	0
ozone layer depletion (ODP10)	0	0	0	0	0	0	0	0	0	0	0	0	0	0	0	0	0	0	0	0	0	0	0	0	0	0	0	0	0	0	0	0	0	0	0	0	0	0	0	0	0	0	0	0	0	0	0	0
ozone layer depletion (ODP15)	0	0	0	0	0	0	0	0	0	0	0	0	0	0	0	0	0	0	0	0	0	0	0	0	0	0	0	0	0	0	0	0	0	0	0	0	0	0	0	0	0	0	0	0	0	0	0	0
ozone layer depletion (ODP20)	0	0	0	0	0	0	0	0	0	0	0	0	0	0	0	0	0	0	0	0	0	0	0	0	0	0	0	0	0	0	0	0	0	0	0	0	0	0	0	0	0	0	0	0	0	0	0	0
ozone layer depletion (ODP25)	0	0	0	0	0	0	0	0	0	0	0	0	0	0	0	0	0	0	0	0	0	0	0	0	0	0	0	0	0	0	0	0	0	0	0	0	0	0	0	0	0	0	0	0	0	0	0	0
ozone layer depletion (ODP30)	0	0	0	0	0	0	0	0	0	0	0	0	0	0	0	0	0	0	0	0	0	0	0	0	0	0	0	0	0	0	0	0	0	0	0	0	0	0	0	0	0	0	0	0	0	0	0	0
ozone layer depletion (ODP40)	0	0	0	0	0	0	0	0	0	0	0	0	0	0	0	0	0	0	0	0	0	0	0	0	0	0	0	0	0	0	0	0	0	0	0	0	0	0	0	0	0	0	0	0	0	0	0	0
human toxicity (HTP inf)	18411.8193135	17925.9835031	6622.8646119	97279.1597559	7421.72415321	18468.6972591	18332.4505763	18757.6497635	10466.8193711	26907.3101569	9147.68162304	20940.9164021	4834.26847859	16576.7477207	14096.5911836	7963.11156022	28198.2656259	15992.761961	14586.7035496	16526.3421269	3957.28721526	6033.31356916	4863.77251224	19195.9844457	10888.2528813	7290.7718647	20866.5052219	20156.0812451	22019.4341322	5165.17478549	20410.986371	12807.9341026	4820.44680372	647.642191857	2210.209799	10352.8282425	20052.3772416	25052.1589998	13253.4567759	7262.25233111	60855.5956824	4586.74868926	12144.9049369	4435.1796898	2946.77390813	5539.90751193	1050.36807004	5538.41156258
Freshwater aquatic ecotoxicity (FAETP inf)	30.2899939778	27.5922649939	11.6934589847	103.646564278	15.5915620236	26.6234370499	30.7599672942	31.2559316285	17.4778975144	40.7929495442	17.5421665985	32.2888073734	9.26691784878	29.8655178418	20.0593274918	14.6976187493	43.5152962499	27.0768728564	25.4345692741	22.6401164485	12.6712950766	14.1868262238	10.3528923168	27.1115694667	21.4942501151	11.6378159441	26.5706400276	29.1447916041	29.0614125228	11.4401974529	30.3088289637	19.8160811333	7.92386004622	4.08825187319	6.87895291132	13.9791072567	30.6237888343	34.9779587772	17.949734092	12.7830827258	69.0037615862	10.0256821189	19.4819399207	7.47498484603	6.47703871385	8.89829039444	8.0686861692	8.37316626143
Marine aquatic ecotoxicity (MAETP inf)	127489.495986	125740.684946	56506.8502341	470002.864941	92125.0947726	131290.510951	132730.787925	163787.601014	82752.1463813	171842.492626	71984.6372467	169134.075621	41338.4360066	134229.708673	94219.199653	54335.6631799	200549.188386	88785.0328193	129134.480616	106963.237782	56366.6804621	58819.2861719	45059.8164853	117510.25593	105604.954311	62959.1233222	130196.041256	158524.538014	139248.114647	37206.2917791	149243.279289	98586.3070241	28096.3698832	8928.46865483	31975.7635315	69932.4609963	183775.925121	163958.140898	74060.3707251	71866.9785932	299224.615816	25529.9773538	77258.8814244	22167.7838628	22695.0030124	39397.3181256	7587.91295375	39809.6697348
Freshwater sedimental ecotoxicity (FSETP inf)	81.3523286987	72.2502029096	31.3683611795	262.725089755	41.5881654249	69.3928085906	82.3983060953	83.2016478404	46.0013069516	108.816790409	47.4065474864	83.5901581613	25.0136404101	79.273832843	52.0462926461	40.3307579502	113.769966911	75.1563783382	65.2419471574	58.7312697326	35.67395002	38.742580784	28.4530834793	71.3884237367	57.5033166872	30.2296370333	68.2569138052	74.7224614645	74.601318928	32.5893912072	78.6512724726	51.4874579749	21.5457807497	12.4254235431	18.6453229611	36.1562487793	78.6665860859	90.977887445	47.7529921241	32.9619207734	178.125363488	28.9554050728	53.3824409319	20.9791868587	17.9479881014	23.7661829603	25.3822104786	21.5558488979
Marine sedimental ecotoxicity (MSETP inf)	111876.675021	114568.4742	44002.4585349	456936.468616	62822.8804864	111191.341564	114668.808406	122428.004976	71998.7987078	153273.327307	64440.5475263	140948.923197	33737.9445741	118706.903558	85123.5038516	48410.07589	182608.615228	82307.6410132	121684.257824	94415.6139236	39324.0156621	51198.8003154	35710.7536212	106535.407882	84088.7544745	49697.8122989	114988.768763	129384.99669	128662.642289	31046.9600777	128860.357085	85804.4435394	26834.3447373	7017.22525469	27022.0179381	59948.5564367	138072.818061	147639.498825	66578.3891855	58759.1167738	282396.713793	24125.5562425	63921.1874498	21147.0141809	21265.5346629	33552.6628459	7515.50700293	37767.495155
Terrestrial ecotoxicity (TETP inf)	164.602826635	160.864329037	56.8448791757	747.598540108	71.70569504	160.976544598	163.148695549	157.01625834	92.9957707998	226.539181447	83.4498817148	182.635828106	47.3608703096	144.288159023	121.408953507	69.8516080224	241.95161299	128.684900344	118.562634445	145.928855828	41.2314272401	61.4290495363	45.8004856798	166.910594861	98.3001756146	69.7966315869	173.771908969	167.466967317	179.56802239	45.9095278139	172.388484197	113.962620847	40.3365800569	6.30117658971	20.4227870199	84.9476431826	185.308990498	210.653797785	109.355872885	68.3927449127	503.382652893	36.8314189897	99.4251581802	34.625719777	24.1618399499	45.8303007681	8.61378814601	44.1420902542
human toxicity (HTP20)	18330.3652226	17862.0354055	6566.84409147	97173.3185997	7297.66074035	18372.4348943	18239.0665277	18577.24316	10412.6461428	26808.5492605	9106.55021596	20810.7694471	4797.03454953	16496.678841	14046.4595882	7927.48072049	28098.1835587	15943.6092895	14546.131853	16459.8595913	3883.01828878	5993.80853867	4820.28969985	19133.3336567	10791.1768071	7228.83402771	20789.5026155	20026.6436683	21961.5270035	5134.65256477	20314.0251849	12744.0691494	4810.72550268	638.463589466	2187.73329925	10300.7307536	19853.7569412	24966.0612382	13210.7413214	7201.62544585	60740.9799541	4576.76270275	12082.935759	4427.46067529	2937.26170484	5511.69590822	1047.09302057	5525.58555732
Freshwater aquatic ecotoxicity (FAETP20)	8.37733322877	5.32361735721	3.7600740314	7.73540872318	5.66406248249	5.50550345765	8.57849730736	9.85435298582	3.89355915648	10.3444756303	5.07899471955	6.46616412975	2.9924163545	7.30703329169	3.3981292617	5.03236294774	8.16997175849	9.784912632	2.89370945864	4.13410321497	6.25372807998	4.64032931507	3.8987839403	5.67816660452	6.52917551366	2.75328241027	3.99496069868	5.23355765528	3.70185438939	5.28353908092	5.77390654841	3.67800764018	2.32059362363	2.73368629091	2.17363299243	2.58079287878	6.77457018774	6.08956128187	4.37261190962	2.43770786412	9.62094957746	4.76260503313	6.84498502338	2.86916420082	2.29070278875	2.48468891907	6.09731329828	1.04943958411
Marine aquatic ecotoxicity (MAETP20)	379.156500115	293.476650552	153.059159662	941.738193099	211.792065991	294.954451546	381.990874115	405.601999415	194.91260265	494.018210426	219.124234894	340.568316008	121.646292395	342.575560723	207.536311154	200.684213942	457.037933998	388.341989653	213.83403631	241.186683561	203.654274086	184.778767475	146.409913833	308.75037003	269.979578203	130.765333736	270.113508945	306.141031972	278.183319419	185.287296761	322.528077238	206.705824956	102.546118345	81.6407975131	84.5687097437	146.719262571	340.487965226	367.228605946	217.873158379	130.264855785	718.267322441	167.236707325	277.635694657	112.33695344	87.8661022028	109.472259128	177.753883063	76.7254733379
Freshwater sedimental ecotoxicity (FSETP20)	25.9108549108	15.9664611627	11.5655887381	20.4532861491	17.3485190827	16.4689301542	26.3976129489	30.1665887996	11.7861937291	31.7869923598	15.7574762122	19.0571449674	9.23830780481	22.2752190787	10.0471371738	15.7190700773	24.457461883	30.8572471151	8.18896014793	12.2042683939	19.6580536303	14.4900372742	12.1981118153	17.2272495625	20.0589058381	8.16295613739	11.5836990602	15.2283756771	10.6422775092	16.8115391256	17.0890123392	10.9294842079	7.23355581275	8.81678781926	6.74339883025	7.59064369104	19.9451128566	18.1457168615	13.4137056009	7.16866703701	28.1426469781	15.2615352296	21.4555384772	9.12001068787	7.20354936549	7.6087405618	19.8004124337	3.02032365712
Marine sedimental ecotoxicity (MSETP20)	914.832408113	643.755124246	381.798863605	1663.3217565	546.249306596	655.413485541	919.454538206	1006.80541352	444.629154364	1161.80495082	537.036799805	747.201127686	303.764627884	799.994379308	438.829142766	509.441849805	996.487022288	1000.4856228	414.063066307	515.222563464	567.957727179	469.789992879	383.634721052	689.67440069	668.164250938	297.714132176	551.535010178	650.910187628	550.316156178	508.221700433	699.509185811	448.882858627	250.253036498	244.428998347	215.078172928	314.853295366	765.39684914	785.562238868	505.318087997	284.962712117	1446.0904097	461.915610203	708.603079999	294.156341221	227.651767728	263.035696221	542.482534991	151.651811625
Terrestrial ecotoxicity (TETP20)	1.96836852001	1.9200142561	0.676247294493	8.34162412708	0.893303706564	1.89691600123	1.92410152817	1.85861240142	1.0783499448	2.62541648484	0.989294365681	2.19203847076	0.576335504075	1.65511534886	1.38566876453	0.830570641	2.76369860782	1.45879933818	1.33919423043	1.69654309458	0.550510935327	0.813676865865	0.561046922422	1.92742812303	1.17569708443	0.816644637776	1.96736815878	1.91739079069	1.97216432419	0.544271172375	1.95731901998	1.24206736872	0.454345769017	0.0950485623841	0.240990374314	0.936272923175	2.27127070255	2.44168048962	1.26264755926	0.792581402065	5.83682091677	0.45125042299	1.19811580962	0.406709708758	0.28615730368	0.551807023658	0.140982167837	0.497192407328
human toxicity (HTP100)	18330.9617508	17862.5045285	6567.13239465	97174.3225205	7298.18190561	18372.9697546	18239.7159583	18578.0968213	10412.9838122	26809.3586894	9106.8775149	20811.3975756	4797.264382	16497.2310619	14046.7993023	7927.79783696	28098.8936901	15944.1836357	14546.4052028	16460.2924675	3883.41509608	5994.10724018	4820.54469697	19133.8622552	10791.6786713	7229.13582095	20789.9680588	20027.2857246	21961.9204688	5134.9071717	20314.588933	12744.4393033	4810.86881946	638.568893757	2187.87187074	10301.0345867	19854.6177374	24966.6342807	13211.0690308	7201.92685829	60741.9635711	4576.94271286	12083.3518929	4427.5841612	2937.37539386	5511.86702945	1047.27099888	5525.68680479
Freshwater aquatic ecotoxicity (FAETP100)	10.8538137103	7.42348198138	4.83478276141	15.0908068876	7.34112192055	7.74251869625	11.1109098173	12.8768861389	5.30688608204	13.6037867715	6.46834851457	9.17855705909	3.8001096244	9.66372323778	4.94615318623	6.2091733803	11.4778460912	11.9213862517	4.65257413319	5.93013053279	7.52661468594	5.79977001558	4.83538274603	7.80866090365	8.45534156764	3.79587127168	6.1136009774	7.79035576156	5.87249511465	6.28559952442	8.23516372904	5.27181614328	2.91719135941	3.10481022463	2.74170767751	3.71757189937	9.76556238961	8.82326805967	5.80469989078	3.54399316017	14.8072129848	5.57712010584	8.5667714242	3.46060198323	2.78040406715	3.22038390947	6.78966582936	1.6412996638
Marine aquatic ecotoxicity (MAETP100)	1322.19585439	1215.76885299	491.678880943	5196.71450594	622.258890866	1199.78386571	1333.48263395	1319.51610179	753.641876117	1814.51070969	733.851809457	1403.70913214	389.973592418	1263.12427159	912.230751414	619.1664119	1909.42995025	1160.67107315	1039.741555	1044.47229015	466.355270589	565.464912966	414.70109205	1249.11566068	880.958544025	505.456881643	1251.26383961	1331.35461085	1340.20186928	458.272419486	1359.09191887	868.480301884	348.345698178	138.044064336	254.993694184	628.695529762	1352.22828064	1589.00702001	825.633346329	537.61482381	3418.9954138	405.675622574	852.524725784	322.910462603	255.388428975	382.68557446	271.312080712	367.475441709
Freshwater sedimental ecotoxicity (FSETP100)	32.4958071826	21.3906253244	14.2666532667	39.0808230798	21.283586459	22.014826002	33.0448463002	37.5319196669	15.3892013086	40.4155180326	19.5182574508	25.6142720516	11.3314114308	28.4153321184	13.9698085459	18.9812758656	32.9762670427	36.9984533428	12.6279169419	16.700762517	22.9927483968	17.6410755966	14.6743493603	22.7878980021	24.9105031271	10.6361739983	16.8078882895	21.2719788375	16.1038814683	19.695519969	23.1850582653	14.8991239884	8.91388523908	9.98297950024	8.24128424532	10.3781208283	26.7787570236	25.1012503473	17.2060233263	9.79530028622	41.502161193	17.7601726235	26.088776051	10.8678660652	8.6136601249	9.51571342981	22.1838730814	4.53449975703
Marine sedimental ecotoxicity (MSETP100)	2031.39200774	1714.87378185	784.135723664	6540.46825921	1036.40167726	1708.76190403	2044.1689405	2089.92232932	1095.9554178	2717.21399703	1146.78572377	1976.46398483	623.716059925	1875.94946123	1254.27977989	1012.27577451	2679.77549333	1936.24746508	1349.58577082	1447.56489361	897.401126775	924.981512281	708.36530623	1789.76300934	1390.34669929	734.044676493	1684.39403473	1834.04883238	1770.08625198	849.485484044	1899.40554681	1214.54195383	542.51340316	324.546213943	416.327133891	872.67814546	1940.18039527	2201.55626576	1221.36227358	754.424142515	4578.20950238	762.28461588	1402.00720537	551.381350139	429.208623509	585.142881519	686.888058489	483.970579406
Terrestrial ecotoxicity (TETP100)	9.18507983262	9.04269121477	3.12781553627	39.7356066903	4.09530225633	8.91571836058	8.97200170454	8.59892761881	5.0530056337	12.2840488199	4.59845432418	10.3018959755	2.67307567259	7.72985450094	6.53958851088	3.84194557313	13.012289964	6.72782623503	6.34516302143	8.00342436309	2.45364272797	3.76288086811	2.57322648734	9.06744871731	5.43899297109	3.82629433658	9.30221886832	9.02015483717	9.34407096841	2.4600326513	9.20951336331	5.84425326964	2.1160459288	0.380903030664	1.09595117914	4.41076106428	10.6399650281	11.5147504022	5.92291649016	3.71945635078	27.6618276389	2.03329170843	5.53848799549	1.87073643597	1.31171139637	2.57270148894	0.514080657388	2.35519262606
human toxicity (HTP500)	18332.0293675	17863.5369895	6567.60880908	97177.2801904	7298.97132833	18374.0238914	18240.9294505	18579.4743739	10413.6644153	26810.7529014	9107.47044033	20812.6790943	4797.674399	16498.3072672	14047.5809207	7928.39724151	28100.4853338	15945.2716229	14547.091435	16461.2291551	3883.93196905	5994.59830845	4820.94634488	19134.8739765	10792.5276522	7229.74504946	20790.9877613	20028.4412905	21962.8573091	5135.22912697	20315.6720331	12745.231753	4811.09162253	638.643022045	2188.07844973	10301.7604741	19856.1108374	24967.867415	13211.7570312	7202.52138071	60744.3959825	4577.12598566	12083.9403137	4427.74931269	2937.5603473	5512.18192879	1047.34044696	5525.95382769
Freshwater aquatic ecotoxicity (FAETP500)	16.564097683	13.2283462061	6.91916825011	40.8290777315	9.97886522142	13.3495228694	16.9054180225	18.5373318637	8.84637279276	21.5696785659	9.66270365325	15.9960847262	5.4394592859	15.499876656	9.33979918197	8.6861921451	20.6729278356	16.3205673918	10.3589370014	10.8591601996	9.13792459779	8.21161028687	6.48118688015	13.4786323804	12.3432855412	6.16506793661	12.1500552714	14.2386877725	12.5537487344	7.81783963794	14.7404460483	9.49465586827	4.36665016231	3.38849155361	3.91037125268	6.72181594716	16.2143591692	16.429745648	9.38835433429	6.24902141151	30.7908757763	6.86666030506	11.876176675	4.63119171228	3.81456043761	4.89432909462	7.1401509756	3.53666217488
Marine aquatic ecotoxicity (MAETP500)	6072.74751977	5962.24364895	2179.50538504	27590.586563	2637.99098858	5849.96490504	6132.86785243	5884.49931839	3606.13903149	8515.11784616	3310.15174802	6880.73194253	1728.04427373	5935.78024822	4559.35716282	2689.35365457	9386.22320066	4951.4797567	5337.93162407	5203.12597505	1669.23983033	2441.73805324	1717.80283104	6075.48670716	3930.63836319	2427.054755	6354.76460285	6636.85712115	6873.62743448	1735.07144506	6705.51043259	4277.34029156	1581.63576376	345.124015349	1091.09838875	3120.53066139	6546.80766277	7897.74463081	3922.76542023	2633.30324983	17496.6791811	1511.85275356	3687.98172255	1346.10074195	1072.16826248	1762.1359226	558.796850168	1880.38825092
Freshwater sedimental ecotoxicity (FSETP500)	46.7020117635	35.9330138167	19.3269573234	104.111481045	27.4448481853	35.8780828747	47.4209111832	51.1369382686	24.1844582431	60.2876959831	27.4944582461	42.4160746911	15.3537511049	42.9585874665	24.9588112307	25.1577297496	56.0096198058	48.0311191627	27.0236026311	28.9797248286	26.7729464727	23.6340021564	18.6826111556	36.9719976317	34.3931616601	16.409458792	31.8456134606	37.1016293465	32.8755596897	23.4669715529	39.326426042	25.3941179428	12.5670984304	10.6675798465	11.1271050083	17.8219437815	42.312430067	44.1144934781	26.1550964985	16.4343230675	81.7102728002	21.0010638151	34.2296357527	13.8143743301	11.2155823835	13.6571519825	23.0663610304	9.31534211352
Marine sedimental ecotoxicity (MSETP500)	6715.35582056	6403.37358211	2436.75156686	28700.0942277	2987.95785296	6285.58766254	6772.76368157	6547.37873383	3906.81241284	9328.27572502	3688.94122239	7360.62129028	1938.43948561	6482.77589338	4854.72610553	3055.04910218	10063.7813216	5682.32353555	5600.44939753	5549.71902841	2063.30840768	2774.27581079	1985.61096351	6555.74570245	4379.09194243	2618.34474524	6717.05357872	7043.16021795	7236.39687724	2105.04157557	7164.50152129	4573.68082129	1762.38154751	526.901963136	1237.74251736	3326.67734257	7016.11655591	8428.16652653	4278.3701677	2812.07276695	18498.5346862	1855.77616681	4189.37698362	1563.1486584	1236.6452128	1942.90632544	971.484906023	1980.19292192
Terrestrial ecotoxicity (TETP500)	36.3972821256	35.9287436711	12.337677644	159.060148591	16.0016116047	35.3763622462	35.5550016969	33.8914459663	20.059057198	48.8076148526	18.2200381044	40.8220634036	10.5466030112	30.697348302	26.0445533665	15.2100888399	51.8109676006	26.7182894779	25.3516908153	31.824874038	9.50623548913	14.8089237133	10.1200650401	36.0721717894	21.4484982326	15.1386693406	37.0634310522	35.8072643409	37.3405277316	9.68023284105	36.6277022436	23.2796367093	8.42367395842	1.43998685736	4.31233141974	17.5724467136	41.9683935887	45.8272707073	23.5564178202	14.734056711	110.296477812	8.01421308907	21.8877415355	7.41945466198	5.19522397861	10.1887830947	1.90737335557	9.4109624969
Human toxicity (USEtox) 2008	2.63668503753e-08	2.27225283882e-08	1.52144093538e-08	1.09312604884e-08	1.94611641777e-08	1.9878559613e-08	3.55770361331e-08	3.4727900025e-08	1.41466188374e-08	3.86279961721e-08	1.8627489599e-08	3.38941322738e-08	1.35604492932e-08	3.33240569899e-08	1.33595362629e-08	2.27636820386e-08	3.27328410693e-08	3.48076618411e-08	9.7014359892e-09	2.23680692216e-08	2.46957270462e-08	1.56042039648e-08	1.19373335495e-08	1.99841773066e-08	2.37721057677e-08	1.69870411395e-08	1.53157334498e-08	2.32126999138e-08	1.00605255354e-08	1.47349449355e-08	2.84502308499e-08	1.29556017823e-08	1.03417804278e-08	7.36618188479e-09	7.80860683879e-09	1.30634038791e-08	2.46791410756e-08	1.63160137885e-08	1.54132709278e-08	8.70955689367e-09	2.83736375679e-08	1.24215509797e-08	1.84723362859e-08	7.60547106357e-09	9.45919546157e-09	1.20455393829e-08	1.61984595288e-08	3.61348104967e-09
Fresh water Ecotoxicity (USEtox) 2008	3.44817621285	3.56244869059	2.20541745277	1.76238493527	2.52176355082	2.88586388501	5.32022513178	4.70706958362	2.04219007954	5.33286872753	2.63766943364	5.75305624077	2.03903211721	5.1617443909	2.06429090378	3.46655515542	5.08980154545	4.76677063448	1.59113693811	3.66890106681	3.33979640102	2.06508127886	1.5136071314	2.65554550844	3.38523009325	2.85993841913	2.28094136717	3.30688478431	1.41228356335	1.68233029539	4.41559448723	1.8481347184	1.44928715467	0.771858983896	1.04540633286	2.16756998684	3.28628181087	2.14740662697	2.18232743399	1.16210396268	4.10198397443	1.35206140095	2.03618931913	0.854629712566	1.38625729986	1.93387306466	1.72883896081	0.584287062043
Human toxicity (USEtox) 2010	0.00346066542913	0.00340922607623	0.00120055981199	0.0147891648057	0.00154411351353	0.0033450561142	0.00347669272707	0.00330333615618	0.00196126990077	0.00474094266035	0.0017750572356	0.00382427120227	0.00103579893662	0.00304438542992	0.00252686749572	0.00155300935965	0.00506613800793	0.00281158324065	0.00245440901169	0.00305473626832	0.000954071493583	0.00139695749488	0.000980821114043	0.00348903585086	0.00208560061986	0.00148245752098	0.00354257232826	0.00346008986914	0.00356132613443	0.000947748901615	0.00351879128966	0.00229219639722	0.000824947990083	0.000153702575621	0.000452066094998	0.00180855583623	0.00391320943177	0.00432867471134	0.00228383200805	0.0014582517613	0.0102497239737	0.000766556334847	0.00205854417605	0.000709560257495	0.000527837045846	0.000977641032308	0.000210601087988	0.000918141390676
Fresh water Ecotoxicity (USEtox) 2010	2381.38291556	2304.51948606	842.687105887	11351.8902488	996.623851425	2326.04961785	2405.32670167	2302.90484781	1388.8357518	3427.04356814	1252.0712513	2624.62114658	675.733204205	2250.46975602	1815.67195612	1052.45864632	3642.86692686	1981.35022404	1894.29226536	2119.20413785	591.991263503	867.902402033	638.941259923	2485.90533274	1462.65911376	971.895793842	2592.89354863	2660.58511008	2725.08355772	669.645068381	2652.55101759	1681.29667891	631.767405825	102.420241044	360.101559944	1268.55526329	2586.10211314	3090.83724109	1606.36874485	1003.9398077	7260.81225511	571.411547817	1479.43794618	534.355908342	385.92761131	685.369442829	156.908528366	705.954171415
photochemical oxidation (high NOx)	4.86646990845	4.26638370398	4.8915459371	4.8243482782	3.88069148946	4.80273894283	7.31227839143	7.81037990694	3.63451563173	6.84659176415	3.60712807547	6.55091979801	2.82123045644	5.47627531445	3.22954529709	4.27051566633	6.76648718186	5.89038962967	3.36248749148	4.98431518192	5.05649524585	3.47768040325	2.56798144675	4.38035080605	4.58106821979	3.4092066178	4.28260280873	6.94495848163	3.46117824353	2.89282589676	6.61644867671	3.58934492801	2.02918194075	1.19676601039	2.14354055968	2.69457549599	7.6874252691	3.89860640673	2.61552058974	4.09872140171	7.21396074125	1.87493549304	4.466619095	1.12378682746	1.20158121417	1.63857505936	1.964012946	1.21150656875
photochemical oxidation (low NOx)	4.66467254437	3.45959703615	3.03576740905	2.34276092485	3.63246092494	4.47149466666	7.48247059472	6.43744735907	2.77547375927	6.52119204537	3.34793448326	4.43391248579	3.02553998805	4.43492042271	2.72196744969	4.58112257721	5.4114612111	7.01563761215	1.75907696637	4.68203613454	4.0596441908	3.13472229337	2.34271585934	3.84364860629	4.58083827321	2.54779569647	3.53027430776	6.46426110775	2.6771259504	2.46021244303	5.63039835588	2.8329199442	2.49669405428	1.2513707408	2.28164707052	1.95037962383	6.1810021857	3.28430670555	2.16539585919	2.8071809452	6.07357760482	2.18769355083	3.29143583444	1.29261184191	1.32269829793	1.18354020878	2.7452184961	1.09676075444
photochemical oxidation (MIR; very high NOx)	1.94739518772	1.46550253703	1.27760814285	0.993850197914	1.5212805913	1.85676056941	3.07475415601	2.68050236106	1.16998004525	2.74246580895	1.40022414566	1.91064889585	1.26441033492	1.83048310892	1.15516440704	1.91208159151	2.34093803799	2.86326558306	0.748439533542	1.96089057462	1.68125982025	1.29910142321	0.974655111627	1.60747205175	1.9356520961	1.09538977963	1.4734460474	2.65110905317	1.12376519059	0.995687276382	2.30715555024	1.20183598205	1.00919297694	0.505289449491	0.928361241102	0.817283202455	2.55522421771	1.37171508446	0.898295637763	1.17355493587	2.48658784386	0.882273583008	1.33345407245	0.519895596422	0.538562740335	0.49792366813	1.10009379062	0.447170913509
photochemical oxidation (MOIR; high NOx)	3.512669159	2.63921007283	2.30247701324	1.78953143622	2.74309269229	3.35117796899	5.55595734149	4.83642648413	2.10813246919	4.94280490564	2.5251874406	3.43449197757	2.2804532446	3.30597668912	2.0799068571	3.44905776782	4.2062098702	5.17779167384	1.34721149892	3.53576497467	3.03532464422	2.34520205751	1.75873556318	2.89895713354	3.4868450936	1.96950407953	2.65784256001	4.79150919844	2.0258004891	1.80226604278	4.17026189149	2.16402188322	1.82697157169	0.914849386959	1.67938341348	1.47359010592	4.61408903138	2.47415184011	1.62146557384	2.11650945505	4.49503279993	1.59762166864	2.4133688941	0.94171683942	0.974169254115	0.89738090169	1.99350199712	0.808733403291
photochemical oxidation (EBIR; low NOx)	4.48636675286	3.37196134134	2.94128108467	2.28645653518	3.50373298794	4.2795582537	7.09333441949	6.17667766466	2.69312249182	6.31403781011	3.22529951343	4.3898164255	2.91265841206	4.22121824358	2.65748906062	4.40509856357	5.3766788892	6.60942446537	1.72143126569	4.51621026198	3.87595455434	2.99475276912	2.24606311899	3.70269315942	4.45467114165	2.51719896935	3.39456558371	6.11706372502	2.58768308439	2.30010968097	5.32383966661	2.76493987424	2.33156806016	1.1674941117	2.14356403403	1.88223170715	5.89170114024	3.16000938234	2.07061339273	2.70328692299	5.73832672187	2.03875846015	3.08009593032	1.20166463763	1.24345062428	1.14634273575	2.54354889243	1.03231886005
acidification (incl. fate, average Europe total, A&B)	65.4591812565	73.024237368	81.0025975177	117.101381818	50.5044393171	64.9109007937	82.813820768	107.420403641	62.4160378403	89.2447859026	50.0682390267	118.155548041	30.185896955	96.1013481789	51.3996420139	43.07601549	113.918760746	46.0053778091	72.5816488155	66.760054071	71.8310563941	48.2274075584	33.1314093688	64.3571714886	56.7550949873	56.0438381628	71.807940809	103.288315397	60.651503474	37.3243479432	105.138114437	59.9552598102	15.049715606	10.904669995	23.655412458	48.776754763	128.469608267	61.5566660065	39.5935748938	71.0160600657	115.296935914	13.6003657135	68.703636099	9.36884081467	12.9820501685	29.2343678096	4.55729254253	19.7140088405
acidification (fate not incl.)	68.3830902361	75.8774050807	73.9921799976	118.637976746	51.3817015881	66.4560064034	84.8163869614	102.77301924	63.2200900721	92.0696862757	51.7916453244	116.894225605	31.9502668669	99.9299677572	53.0684743592	44.725331483	117.827410822	48.7968300517	71.331185508	68.7447218952	68.5229909126	48.8043337287	32.9161471784	65.6173164911	59.7359851065	55.6018159332	74.3548610986	108.448177988	62.1015002543	34.9459070697	107.705983149	61.0680037308	16.315949917	10.3261896311	24.710897262	49.2357986275	130.945680425	63.0066748067	39.4842867025	68.7804514147	117.930662772	13.4600273816	64.588845605	9.57697286271	13.8976872536	29.3571319028	4.81161986149	20.9698354041
eutrophication (fate not incl.)	12.3822515823	16.8118136127	6.38288760028	13.905346384	8.30032621757	13.9566145583	16.8985230118	10.4132403261	19.5621751571	14.2799565402	11.3497244983	16.0143824284	5.59630423081	27.8066315338	10.1284550327	9.06028836046	25.8409259261	8.5577867337	11.7022270381	17.3266027416	9.11168104299	12.2357076288	4.88039766182	11.6949047833	12.6934954381	8.3002191258	15.7820039274	17.4703913303	10.2452458977	8.69146746263	18.2580599678	11.0530882851	7.18906945556	1.92050858614	4.9579515733	9.74571283798	21.3066012737	11.8865204355	6.77788159812	7.52218753645	21.9478005309	1.74986830392	5.22775632216	1.61276022311	2.7031828306	3.83725385011	1.07906318982	3.05165291551
eutrophication (incl. fate, average Europe total, A&B)	59.4235417308	64.8858361999	28.0213199024	90.3575512747	39.9801360106	53.2737073764	68.6706112244	56.7767713823	48.0913385366	76.3683279956	43.3937698272	79.062638053	29.2766111389	85.6555867352	44.271137716	37.8756480617	98.0804605595	44.8961359236	46.7292714655	56.6656571867	37.1962981539	37.0553990361	22.7827936209	52.0694035555	53.6911881695	38.0951549124	62.5088203068	97.8917366579	49.9118365214	16.4215041322	87.4219988362	47.8263879924	16.2057486235	5.37837108178	21.6889900318	36.8595154471	103.150941103	50.8140656115	27.9477592284	41.6713930557	93.7876551706	9.26519295256	31.331601363	7.61941182465	13.2944574892	21.4003598005	4.43974748728	19.6865390615
radiation	0	0	0	0	0	0	0	0	0	0	0	0	0	0	0	0	0	0	0	0	0	0	0	0	0	0	0	0	0	0	0	0	0	0	0	0	0	0	0	0	0	0	0	0	0	0	0	0
odour	419934.434292	632492.343509	269156.181737	599494.81323	309607.494464	458642.915598	872844.566451	319263.385892	316198.587699	709286.254557	379074.253381	504252.691458	250059.046927	808185.735523	464069.595222	243719.017995	560755.634815	301873.607598	398671.82182	572004.741583	253263.38338	286728.175723	154992.793016	656886.852561	505778.614467	205014.110647	520936.415454	1576456.19082	482614.433752	74722.5198744	1174572.01145	399167.63078	110618.522146	66000.4343253	262388.119709	244207.089421	997436.401493	615248.657535	232891.462027	509329.698652	628292.031169	130653.572203	132143.021647	62786.1228108	127306.021655	123138.357533	73403.3730899	227728.078885
EPS	2825.68461544	2969.07940382	1479.36042057	2431.52051804	2261.24536127	2652.46525331	3334.86300082	3061.77025159	2279.05772887	3498.29882769	2073.67090634	3360.7452959	1445.50406386	3432.93965946	2314.88677954	1699.90273346	5366.17368582	2024.73620872	1945.32188233	2809.70935042	1876.01861732	1839.09889605	1273.28603757	2407.59080265	2662.45121356	2005.30830577	2708.30202792	3788.29509825	2251.63764552	1089.5051472	3556.93285213	2607.39729432	562.210169218	408.46238719	957.149192459	1777.55373552	4194.86283107	2591.62697737	1272.81236417	2239.31594891	3525.4147929	560.103389897	1543.78167546	358.969004075	556.782150334	938.309339576	437.571808338	722.031466912
Carcinogenic effects on humans (H.A)	0.00190048959022	0.00190780870679	0.000681806577911	0.00949057292819	0.000775240517403	0.00188297423633	0.0019192370427	0.00188742959989	0.00112597777057	0.00274718437441	0.000998174941966	0.00221015746712	0.000516737354505	0.00181104391704	0.00146445069464	0.000836468296543	0.00302798084583	0.00160558739897	0.00171235754299	0.00168927131564	0.00045145821156	0.000696874383664	0.000521060743312	0.00194740726564	0.00118111675881	0.000766532775088	0.00209069451599	0.00204560539743	0.0022691128046	0.000528203488226	0.00211682300767	0.00136977545128	0.000495416640954	8.177696195e-05	0.000296079699555	0.00105160695217	0.00202801065285	0.0025854409309	0.00130843632626	0.000806828105616	0.00590360997494	0.000463180579849	0.00117885440105	0.000434652977845	0.000330290481159	0.000571644167323	0.000123620699154	0.000600678302266
Respiratory effects on humans caused by organic substances (H.A)	5.66828724839e-05	5.4565675743e-05	3.369523106e-05	4.51005446323e-05	4.65467011191e-05	5.01515439557e-05	7.55069407648e-05	6.13473765814e-05	4.86498554385e-05	6.85055695429e-05	4.87725118575e-05	7.48555060161e-05	3.40632539686e-05	5.80327048159e-05	4.90860393939e-05	4.68967226684e-05	0.000105932165448	6.06636477345e-05	3.96559657087e-05	5.71123275729e-05	3.68230412399e-05	4.44382128154e-05	2.23480721594e-05	4.8386752814e-05	6.48583068274e-05	3.39403619583e-05	4.97013033837e-05	6.69306049975e-05	4.128132812e-05	2.01811388084e-05	6.10307457473e-05	4.25042850903e-05	2.27055008681e-05	1.44284059682e-05	2.61918495833e-05	2.55623645461e-05	6.62535291874e-05	4.60872834538e-05	2.37516806242e-05	4.08880282561e-05	8.18507119397e-05	2.03797707253e-05	2.86088065105e-05	1.38731276322e-05	1.80371490613e-05	1.83137871729e-05	2.27722033506e-05	1.54292683954e-05
Respiratory effects on humans caused by inorganic substances (H.A)	0.0170516040931	0.0137984167571	0.0107854435326	0.0181712023319	0.0129218727217	0.0129014015472	0.0196692420717	0.023369240617	0.0111382270563	0.0226183249844	0.0117346064128	0.0182471347549	0.00741356694933	0.0180081553481	0.00959834911305	0.0114686320741	0.0212527248657	0.0196679076356	0.00974119740084	0.0119056543198	0.0133002242277	0.0115865422122	0.00880745247421	0.0134673274312	0.0153738321075	0.00855714260613	0.0123167136938	0.0183937449511	0.0101161963452	0.0109373364504	0.0188730609975	0.0102929373226	0.00517015859455	0.00564681880114	0.00580438130504	0.00782065866435	0.0222458867514	0.0122524785111	0.00926064145749	0.0100856205192	0.0232164625087	0.0089028476126	0.0156408194805	0.0053614258027	0.00486101647837	0.00591880434415	0.0103470118771	0.00338371768099
Damages to human health caused by climate change (H.A)	0.00363194754069	0.00390122886201	0.00167722308329	0.00304526007869	0.00295020469066	0.00353078420667	0.00412184753783	0.00366187600669	0.00281372284828	0.00450351942683	0.00259958032849	0.00413964802484	0.00186781961673	0.00460164267105	0.00294378933484	0.00204984084722	0.00632338803004	0.00204801603991	0.00255180056285	0.00378843032271	0.00224599537704	0.00219780370652	0.00148290057858	0.00290725003976	0.00330882970178	0.00264164747227	0.00366430168953	0.00525888566548	0.00296866087485	0.00110705123774	0.00452901064493	0.00322924188699	0.000613745870958	0.000297929488606	0.00114225246082	0.00239491997142	0.00567827776236	0.00331839965939	0.00147583712147	0.00264865697371	0.00389626123211	0.000410606700229	0.00153687068938	0.000301629745907	0.0006121946727	0.00122343308308	0.000155156235252	0.00101278195981
Human health effects caused by ionising radiation (H.A)	0	0	0	0	0	0	0	0	0	0	0	0	0	0	0	0	0	0	0	0	0	0	0	0	0	0	0	0	0	0	0	0	0	0	0	0	0	0	0	0	0	0	0	0	0	0	0	0
Human health effects caused by ozone layer depletion (H.A)	0	0	0	0	0	0	0	0	0	0	0	0	0	0	0	0	0	0	0	0	0	0	0	0	0	0	0	0	0	0	0	0	0	0	0	0	0	0	0	0	0	0	0	0	0	0	0	0
Damage to Ecosystem Quality caused by ecotoxic emissions (H.A)	271.157674818	284.906734735	98.1995867315	989.123443181	126.486276669	253.705565447	293.239683829	260.214741718	178.664029581	377.438182872	164.116202272	308.784795985	88.8670378127	297.922155315	213.048550557	141.908847939	459.747365128	255.085809499	281.278789353	235.85972464	91.0004278684	128.704390308	84.9017013445	271.163344117	191.09832874	124.5152524	267.743257179	280.692094866	294.182946287	75.6270898261	292.910597376	211.316401391	68.842500641	18.0751114639	65.0208749923	164.287175963	283.810842113	341.179340456	168.384373729	143.583582591	656.804786205	57.1080662667	134.829267184	49.8756302874	56.5867090203	77.7216659655	23.2594177937	91.1518196967
Damage to Ecosystem Quality caused by the combined effect of acidification and eutrophication (H.A)	316.223762866	345.810602648	192.27150896	496.263405583	218.234123731	288.509405296	369.815567986	341.457696856	264.220446176	410.034072679	232.544628439	447.938337137	153.800949007	456.371954423	237.157011381	202.843536916	527.661897954	235.995137361	266.65633334	304.499201289	224.754624347	203.500124677	128.237611003	281.792114009	283.047696059	215.242095868	334.826333269	512.80005986	269.910734899	104.2693921	470.247504876	260.527220088	83.8269803682	32.8087398169	114.696581085	203.316268644	560.523883628	274.037143002	156.197285624	242.522681643	509.651998263	51.9406900085	196.81412956	41.3508073906	69.1463986423	118.925923369	23.1379774723	102.632006834
Damage to Ecosystem Quality caused by land occupation (H.A)	0	0	0	0	0	0	0	0	0	0	0	0	0	0	0	0	0	0	0	0	0	0	0	0	0	0	0	0	0	0	0	0	0	0	0	0	0	0	0	0	0	0	0	0	0	0	0	0
Damage to Ecosystem Quality caused by land conversion (H.A)	0	0	0	0	0	0	0	0	0	0	0	0	0	0	0	0	0	0	0	0	0	0	0	0	0	0	0	0	0	0	0	0	0	0	0	0	0	0	0	0	0	0	0	0	0	0	0	0
Damage to Resources caused by extraction of minerals (H.A)	0	0	0	0	0	0	0	0	0	0	0	0	0	0	0	0	0	0	0	0	0	0	0	0	0	0	0	0	0	0	0	0	0	0	0	0	0	0	0	0	0	0	0	0	0	0	0	0
Damage to Resources caused by extraction of fossil fuels (H.A)	0	0	0	0	0	0	0	0	0	0	0	0	0	0	0	0	0	0	0	0	0	0	0	0	0	0	0	0	0	0	0	0	0	0	0	0	0	0	0	0	0	0	0	0	0	0	0	0
Carcinogenic effects on humans (E.E)	0.00190048959022	0.00190780870679	0.000681806577911	0.00949057292819	0.000775240517403	0.00188297423633	0.0019192370427	0.00188742959989	0.00112597777057	0.00274718437441	0.000998174941966	0.00221015746712	0.000516737354505	0.00181104391704	0.00146445069464	0.000836468296543	0.00302798084583	0.00160558739897	0.00171235754299	0.00168927131564	0.00045145821156	0.000696874383664	0.000521060743312	0.00194740726564	0.00118111675881	0.000766532775088	0.00209069451599	0.00204560539743	0.0022691128046	0.000528203488226	0.00211682300767	0.00136977545128	0.000495416640954	8.177696195e-05	0.000296079699555	0.00105160695217	0.00202801065285	0.0025854409309	0.00130843632626	0.000806828105616	0.00590360997494	0.000463180579849	0.00117885440105	0.000434652977845	0.000330290481159	0.000571644167323	0.000123620699154	0.000600678302266
Respiratory effects on humans caused by organic substances (E.E)	5.66828724839e-05	5.4565675743e-05	3.369523106e-05	4.51005446323e-05	4.65467011191e-05	5.01515439557e-05	7.55069407648e-05	6.13473765814e-05	4.86498554385e-05	6.85055695429e-05	4.87725118575e-05	7.48555060161e-05	3.40632539686e-05	5.80327048159e-05	4.90860393939e-05	4.68967226684e-05	0.000105932165448	6.06636477345e-05	3.96559657087e-05	5.71123275729e-05	3.68230412399e-05	4.44382128154e-05	2.23480721594e-05	4.8386752814e-05	6.48583068274e-05	3.39403619583e-05	4.97013033837e-05	6.69306049975e-05	4.128132812e-05	2.01811388084e-05	6.10307457473e-05	4.25042850903e-05	2.27055008681e-05	1.44284059682e-05	2.61918495833e-05	2.55623645461e-05	6.62535291874e-05	4.60872834538e-05	2.37516806242e-05	4.08880282561e-05	8.18507119397e-05	2.03797707253e-05	2.86088065105e-05	1.38731276322e-05	1.80371490613e-05	1.83137871729e-05	2.27722033506e-05	1.54292683954e-05
Respiratory effects on humans caused by inorganic substances (E.E)	0.0171473658957	0.0138736572395	0.010843128662	0.018237226854	0.0129938582247	0.0129929521984	0.0198189067608	0.0234941037111	0.0111981521466	0.02274765545	0.0118032029437	0.0183391822409	0.0074724818026	0.0181105722535	0.00965510883737	0.0115561388118	0.0213647090328	0.0198045735452	0.00978357272748	0.0119998979276	0.0133803306727	0.0116509502432	0.00885363272755	0.0135465214037	0.0154637050403	0.00860797724409	0.012394780347	0.0185352779106	0.0101754254142	0.0109864267118	0.0189975508156	0.0103527586282	0.00521990806071	0.00567088036448	0.00585125803632	0.00786427997002	0.022382969241	0.0123223731499	0.00930577020601	0.0101446792042	0.023351725986	0.00894496169885	0.0157094254821	0.00538719418109	0.00488842683142	0.00594477788579	0.0103983415597	0.00340909417713
Damages to human health caused by climate change (E.E)	0.00363194754069	0.00390122886201	0.00167722308329	0.00304526007869	0.00295020469066	0.00353078420667	0.00412184753783	0.00366187600669	0.00281372284828	0.00450351942683	0.00259958032849	0.00413964802484	0.00186781961673	0.00460164267105	0.00294378933484	0.00204984084722	0.00632338803004	0.00204801603991	0.00255180056285	0.00378843032271	0.00224599537704	0.00219780370652	0.00148290057858	0.00290725003976	0.00330882970178	0.00264164747227	0.00366430168953	0.00525888566548	0.00296866087485	0.00110705123774	0.00452901064493	0.00322924188699	0.000613745870958	0.000297929488606	0.00114225246082	0.00239491997142	0.00567827776236	0.00331839965939	0.00147583712147	0.00264865697371	0.00389626123211	0.000410606700229	0.00153687068938	0.000301629745907	0.0006121946727	0.00122343308308	0.000155156235252	0.00101278195981
Human health effects caused by ionising radiation (E.E)	0	0	0	0	0	0	0	0	0	0	0	0	0	0	0	0	0	0	0	0	0	0	0	0	0	0	0	0	0	0	0	0	0	0	0	0	0	0	0	0	0	0	0	0	0	0	0	0
Human health effects caused by ozone layer depletion (E.E)	0	0	0	0	0	0	0	0	0	0	0	0	0	0	0	0	0	0	0	0	0	0	0	0	0	0	0	0	0	0	0	0	0	0	0	0	0	0	0	0	0	0	0	0	0	0	0	0
Damage to Ecosystem Quality caused by ecotoxic emissions (E.E))	271.157674818	284.906734735	98.1995867315	989.123443181	126.486276669	253.705565447	293.239683829	260.214741718	178.664029581	377.438182872	164.116202272	308.784795985	88.8670378127	297.922155315	213.048550557	141.908847939	459.747365128	255.085809499	281.278789353	235.85972464	91.0004278684	128.704390308	84.9017013445	271.163344117	191.09832874	124.5152524	267.743257179	280.692094866	294.182946287	75.6270898261	292.910597376	211.316401391	68.842500641	18.0751114639	65.0208749923	164.287175963	283.810842113	341.179340456	168.384373729	143.583582591	656.804786205	57.1080662667	134.829267184	49.8756302874	56.5867090203	77.7216659655	23.2594177937	91.1518196967
Damage to Ecosystem Quality caused by the combined effect of acidification and eutrophication (E.E)	316.223762866	345.810602648	192.27150896	496.263405583	218.234123731	288.509405296	369.815567986	341.457696856	264.220446176	410.034072679	232.544628439	447.938337137	153.800949007	456.371954423	237.157011381	202.843536916	527.661897954	235.995137361	266.65633334	304.499201289	224.754624347	203.500124677	128.237611003	281.792114009	283.047696059	215.242095868	334.826333269	512.80005986	269.910734899	104.2693921	470.247504876	260.527220088	83.8269803682	32.8087398169	114.696581085	203.316268644	560.523883628	274.037143002	156.197285624	242.522681643	509.651998263	51.9406900085	196.81412956	41.3508073906	69.1463986423	118.925923369	23.1379774723	102.632006834
Damage to Ecosystem Quality caused by land occupation (E.E)	0	0	0	0	0	0	0	0	0	0	0	0	0	0	0	0	0	0	0	0	0	0	0	0	0	0	0	0	0	0	0	0	0	0	0	0	0	0	0	0	0	0	0	0	0	0	0	0
Damage to Ecosystem Quality caused by land conversion (E.E)	0	0	0	0	0	0	0	0	0	0	0	0	0	0	0	0	0	0	0	0	0	0	0	0	0	0	0	0	0	0	0	0	0	0	0	0	0	0	0	0	0	0	0	0	0	0	0	0
Damage to Resources caused by extraction of minerals (E.E)	0	0	0	0	0	0	0	0	0	0	0	0	0	0	0	0	0	0	0	0	0	0	0	0	0	0	0	0	0	0	0	0	0	0	0	0	0	0	0	0	0	0	0	0	0	0	0	0
Damage to Resources caused by extraction of fossil fuels (E.E)	0	0	0	0	0	0	0	0	0	0	0	0	0	0	0	0	0	0	0	0	0	0	0	0	0	0	0	0	0	0	0	0	0	0	0	0	0	0	0	0	0	0	0	0	0	0	0	0
Carcinogenic effects on humans (I.I)	0.000145560256594	0.000159226591387	5.02694451173e-05	0.000650836292815	5.93366715116e-05	0.000140614586361	0.000147181605093	0.000133825232039	9.56016109888e-05	0.000203261929221	8.67674838222e-05	0.000179202123867	4.0283238443e-05	0.000158588087259	0.000115455262035	6.35051566004e-05	0.000256069602121	0.000111389594284	0.00018536598899	0.000123603884243	3.85385046284e-05	6.80486231975e-05	4.27501383746e-05	0.00014172562489	0.000100636596508	5.83041265103e-05	0.000150638709775	0.000152197406141	0.000180613580441	3.78939130989e-05	0.000165277412828	0.000115219451907	3.68412738322e-05	8.24437620305e-06	3.6309245472e-05	7.85154914607e-05	0.000149520097491	0.000202016967723	8.79975158635e-05	7.46669947364e-05	0.000384359459128	3.26177420218e-05	7.54870464302e-05	2.87918744958e-05	3.06299068788e-05	4.29331460259e-05	9.88452775276e-06	5.51472477775e-05
Respiratory effects on humans caused by organic substances (I.I)	5.26973580123e-05	5.07290266673e-05	3.13260351261e-05	4.19294125879e-05	4.32738861966e-05	4.66252635214e-05	7.01978589923e-05	5.70338891655e-05	4.5229162478e-05	6.36887716844e-05	4.53431946175e-05	6.95922282493e-05	3.16681814239e-05	5.39522802586e-05	4.5634677249e-05	4.35992968558e-05	9.84838100654e-05	5.63982350032e-05	3.68676556198e-05	5.30966170405e-05	3.42339211527e-05	4.13136509768e-05	2.07767233357e-05	4.49845592567e-05	6.02979571286e-05	3.15539302581e-05	4.62066804896e-05	6.22245468336e-05	3.83787347366e-05	1.87621524859e-05	5.6739521437e-05	3.95157025448e-05	2.11090203383e-05	1.34139086736e-05	2.43502351595e-05	2.3765010789e-05	6.15950779164e-05	4.2846771336e-05	2.20816405803e-05	3.80130887694e-05	7.60955837564e-05	1.89468180962e-05	2.65972498027e-05	1.28976733456e-05	1.67689120179e-05	1.70260990123e-05	2.11710328026e-05	1.43443979614e-05
Respiratory effects on humans caused by inorganic substances (I.I)	0.00935384960086	0.0067365310178	0.00639495225361	0.00854763757832	0.00735365107231	0.00666086245936	0.010864862735	0.0140528840816	0.00561876731303	0.0125690564413	0.00632256867284	0.00917676661984	0.00390011488225	0.00873564320905	0.00473645101389	0.00639507050593	0.0103836533822	0.0120164207436	0.0046824918812	0.00577994618179	0.0077491150657	0.00653004282659	0.00523587473749	0.00718030245151	0.00845852461814	0.00424310931785	0.00575786418958	0.00853516697863	0.00481500681014	0.00710454586411	0.00934849333883	0.0050362405969	0.00293175594176	0.00384291653718	0.00313285061108	0.0037845876481	0.0109258907844	0.00635344535998	0.00530707462387	0.00522624429674	0.0120551585553	0.00602507934058	0.00974223599942	0.00351669994525	0.00286455605196	0.00319782262653	0.00732592161429	0.00146776759153
Damages to human health caused by climate change (I.I)	0.00347721319351	0.00373444939947	0.00160921977417	0.00291214329426	0.00282335425403	0.00337831862705	0.0039458498002	0.00350771396906	0.00269252239076	0.00431586789058	0.00248885826415	0.00397033618706	0.00178969114877	0.004396219518	0.0028178496733	0.00196850035497	0.00605855216139	0.00196200662732	0.00243996247267	0.00362651372468	0.00215068243138	0.00210331415343	0.00141993010698	0.00278386789566	0.00317162710369	0.00253053616915	0.00350280905533	0.00502253414216	0.00283789731483	0.00105679167391	0.00432560225559	0.00308932488157	0.00058692356167	0.00028472967346	0.00109120986982	0.0022881718136	0.00542749572811	0.00317422549752	0.00141239208516	0.0025336241679	0.0037240171935	0.000392675315782	0.00146766172376	0.000287952749957	0.000585244217344	0.00117023242121	0.000148316212582	0.000966777639879
Human health effects caused by ionising radiation (I.I)	0	0	0	0	0	0	0	0	0	0	0	0	0	0	0	0	0	0	0	0	0	0	0	0	0	0	0	0	0	0	0	0	0	0	0	0	0	0	0	0	0	0	0	0	0	0	0	0
Human health effects caused by ozone layer depletion (I.I)	0	0	0	0	0	0	0	0	0	0	0	0	0	0	0	0	0	0	0	0	0	0	0	0	0	0	0	0	0	0	0	0	0	0	0	0	0	0	0	0	0	0	0	0	0	0	0	0
Damage to Ecosystem Quality caused by ecotoxic emissions (I.I)	38.8095290492	39.6845015227	13.7420700357	144.190136738	17.8920964246	36.2853689803	40.6831655403	35.7769656611	24.878821017	54.6771327525	23.2059070638	43.518217657	12.4690287248	41.4191751289	29.743771858	18.4557261072	64.0399317318	31.0088634041	39.3556568816	33.7956841681	13.0188439568	17.9967093905	11.7044899349	39.21153739	26.7495075199	17.2996898666	38.433361729	41.5003760479	42.3160226205	11.2678953951	43.0547108621	29.9135882334	10.1691798228	2.71928940368	9.28114101452	20.4301622352	41.0770299976	47.8514809292	22.9975163781	19.8742095344	94.2353620915	8.6893438972	20.3431359411	7.37188852042	7.53343026983	10.9574326814	3.69926008617	12.3091100606
Damage to Ecosystem Quality caused by the combined effect of acidification and eutrophication (I.I)	316.223762866	345.810602648	192.27150896	496.263405583	218.234123731	288.509405296	369.815567986	341.457696856	264.220446176	410.034072679	232.544628439	447.938337137	153.800949007	456.371954423	237.157011381	202.843536916	527.661897954	235.995137361	266.65633334	304.499201289	224.754624347	203.500124677	128.237611003	281.792114009	283.047696059	215.242095868	334.826333269	512.80005986	269.910734899	104.2693921	470.247504876	260.527220088	83.8269803682	32.8087398169	114.696581085	203.316268644	560.523883628	274.037143002	156.197285624	242.522681643	509.651998263	51.9406900085	196.81412956	41.3508073906	69.1463986423	118.925923369	23.1379774723	102.632006834
Damage to Ecosystem Quality caused by land occupation (I.I)	0	0	0	0	0	0	0	0	0	0	0	0	0	0	0	0	0	0	0	0	0	0	0	0	0	0	0	0	0	0	0	0	0	0	0	0	0	0	0	0	0	0	0	0	0	0	0	0
Damage to Ecosystem Quality caused by land conversion (I.I)	0	0	0	0	0	0	0	0	0	0	0	0	0	0	0	0	0	0	0	0	0	0	0	0	0	0	0	0	0	0	0	0	0	0	0	0	0	0	0	0	0	0	0	0	0	0	0	0
Damage to Resources caused by extraction of minerals (I.I)	0	0	0	0	0	0	0	0	0	0	0	0	0	0	0	0	0	0	0	0	0	0	0	0	0	0	0	0	0	0	0	0	0	0	0	0	0	0	0	0	0	0	0	0	0	0	0	0
Damage to Resources caused by extraction of fossil fuels (I.I)	0	0	0	0	0	0	0	0	0	0	0	0	0	0	0	0	0	0	0	0	0	0	0	0	0	0	0	0	0	0	0	0	0	0	0	0	0	0	0	0	0	0	0	0	0	0	0	0
photochemical oxidation (high NOx)(incl. NOx average, NMVOC average)	6.8704560527	5.66200666089	6.64801146142	3.11495272758	6.20946044423	6.55528028012	10.9507073038	10.5072784208	5.58226589874	8.93307390142	5.96031776786	9.09696731548	4.52665412808	5.7290576015	5.57244132446	6.77012515959	11.4307314104	9.50075195943	4.40800100129	7.30017674838	6.45735193724	5.81101682401	3.39872919967	6.08577255992	8.00045706458	4.36030252236	5.28213408594	7.52607528207	4.46450756353	3.97696947046	7.20827957485	4.85306820143	3.44052068509	2.4833834112	3.57622856294	2.82137163385	7.55477430892	5.43398810744	3.23627633318	5.71894678028	9.56048926399	3.57249575101	5.3754972118	2.16933626714	2.30147994287	2.11013503898	4.31105282931	1.53525324527
photochemical oxidation (high NOx)(incl. NMVOC average)	11.4238959995	10.5748907678	8.77102423133	10.0520370262	9.26381215219	10.6095551493	16.0810189099	14.8857587625	9.27539253823	14.7273038283	9.26083691166	15.173798918	6.75536008106	12.2236358083	8.91341411177	9.68055305513	18.991308691	12.9462350369	7.96545956333	11.5839889026	9.31084856593	8.64200636628	5.14654523221	9.97750570961	12.0717070031	7.30123044685	10.0450757492	14.7265808518	8.24495337465	5.24934105378	13.7179483279	8.49706155544	4.68364322888	2.88599866975	5.20110786098	5.65133041618	15.3676695226	9.24066357114	5.36579926828	8.83908573911	16.7588629972	4.26030947682	7.8066760292	2.7501495092	3.30885725629	3.75952447698	4.6369745599	3.01366043935
human toxicity HTP inf. (incl. PAH average, Xylene average, NMVOC average)	20098.2552774	19602.3920146	7292.15596999	98106.6600806	8506.71619408	19892.5854579	20201.7234271	19927.3711395	12057.9083464	28611.5245113	10479.176468	22910.888178	5661.81515897	18247.5660178	15702.1629362	8835.98836545	32768.8712832	17076.6169093	15587.5164917	18065.4510064	4785.07378932	7193.55558682	5555.10952135	20793.2300702	12519.6741385	8318.48066573	22229.3546063	21815.2701736	23308.4839594	5594.63813563	22245.8649693	14711.7378402	5175.72388192	874.225182478	2887.64486496	11060.771068	21692.1098329	26635.5413821	13872.6637756	8770.78309322	63336.322379	4862.97180607	12654.526666	4606.46191462	3289.79844458	5866.67452921	1296.26810129	5867.78095932
Freshwater aquatic ecotoxicity FAETP inf. (incl. PAH average, Xylene average, NMVOC average)	31.656246521	28.9235625168	12.3989018442	104.573870046	16.6193718807	27.8115314473	32.4661101391	32.5265662503	18.6971448186	42.33390104	18.6817574815	34.0078430839	10.0289062356	31.2511552619	21.2886051995	15.6624412411	46.5091365575	28.3181202866	26.3363048963	23.9656306491	13.4742869025	15.2102374345	10.8989671596	28.327156654	22.9625492644	12.4571070272	27.7339514562	30.6589777767	30.0765233545	11.8758815331	31.7911078699	21.0395541842	8.37439236418	4.37511391954	7.48189633432	14.5787197293	32.1189246087	36.1565999877	18.4951673074	13.861379488	71.0005945079	10.4170648047	20.0684350907	7.73649296573	6.85379729432	9.27170526177	8.48732968809	8.70665033183
Marine aquatic ecotoxicity MAETP inf. (incl. PAH average, Xylene average, NMVOC average)	127498.747126	125749.994581	56509.8312547	470006.317506	92130.4171223	131298.175733	132740.230835	163792.651339	82761.1695833	171851.163214	71991.6837373	169144.361487	41342.5883044	134238.738617	94228.3095046	54339.3614681	200577.260155	88789.4421592	129139.586021	106971.348177	56370.6614469	58825.2978052	45063.6681435	117519.349487	105613.28345	62964.8171947	130203.266856	158532.920528	139255.30941	37208.2764205	149253.362635	98598.0994668	28097.630518	8929.27463635	31979.2507233	69936.2341835	183784.214813	163967.267184	74063.5822281	71875.8622265	299238.278733	25530.7836211	77260.9425339	22168.2042193	22696.4665195	39398.6508796	7588.33364433	39811.1945967
Terrestrial ecotoxicity TETP inf. (incl. PAH average, Xylene average, NMVOC average)	164.718676235	160.975877415	56.9128311506	747.689974165	71.80026354	161.079009102	163.302923218	157.140097963	93.0956784584	226.67783346	83.5495466045	182.787725665	47.4300453147	144.407249061	121.509626819	69.9462609065	242.170135721	128.808250504	118.643628083	146.045169318	41.3061129763	61.5199874694	45.8460913193	167.009761161	98.4319853844	69.8654394938	173.873501427	167.603833823	179.652641953	45.9508448672	172.513961119	114.050470965	40.3828915881	6.33064896928	20.4766103667	84.9997862635	185.444077777	210.74854969	109.404304529	68.4770094203	503.551328413	36.8729589836	99.4835428379	34.6540115563	24.1987138192	45.8673808921	8.66022270195	44.1736892978
global warming GWP100 (incl. NMVOC average)	17479.6733995	18743.4572522	8182.45689071	14647.4467198	14240.7167831	16957.5450995	19764.9056799	17753.6556312	13547.4140332	21820.0268605	12530.4853876	20086.350435	9047.35853069	22015.7643907	14181.7178022	9975.57266873	30583.2642704	9910.35008073	12260.9199654	18266.9520467	10852.0773036	10566.3520638	7163.56662978	14015.8510826	16052.929616	12805.8713184	17604.7324574	25205.223113	14285.8357898	5302.37272748	21692.7272047	15570.851988	2945.64399435	1431.59942621	5479.10251579	11511.8683751	27200.2546095	15912.475223	7108.7844149	12738.0485852	18672.2739072	1971.77181606	7353.18248014	1442.02228233	2934.92940198	5890.73653684	741.763048253	4834.6748908
ozone layer depletion ODP steady state (incl. NMVOC average)	0.0010044292257	0.000966301225125	0.000594236416104	0.000800747623911	0.000824555800412	0.000889455073544	0.00134314579029	0.00108376628373	0.000864037435546	0.00120712264335	0.00086600295754	0.00132080357104	0.000602607596001	0.00103352229706	0.000870622691475	0.000828678751392	0.001872528616	0.00108077426122	0.000705057077256	0.00101090047729	0.00065165764003	0.000791042072958	0.000394969732101	0.000857340347855	0.00114737343718	0.000596158069761	0.000882662824305	0.00119194464771	0.000732751461349	0.000360957586356	0.00108776731861	0.000751736114693	0.000406595279806	0.000258747049303	0.000468340765774	0.000452898898723	0.0011764161245	0.000818265927334	0.000421272042597	0.000726102042914	0.00146203382994	0.000365378017271	0.000511610920755	0.000249116983775	0.000322780556569	0.000324874966446	0.000409429054467	0.00027604367807
Total Emission relevant energy use	0.185913655035	0.198835162771	0.0749410690721	0.15349261993	0.140801222367	0.180177372461	0.202390800786	0.188000325796	0.13793732219	0.243594115471	0.136042571287	0.184548495452	0.097826676349	0.242828553899	0.149588219042	0.101645316999	0.312618007969	0.122066895561	0.132921328167	0.201087865393	0.105507027617	0.113075085333	0.0754337618193	0.156554854163	0.15467616663	0.122562265114	0.199377458442	0.303208886572	0.149055397705	0.0480180150025	0.25849961545	0.144697705138	0.039055002288	0.0189709675836	0.0656394135839	0.136784187391	0.28590525464	0.169069948804	0.0699121496331	0.126003648817	0.192130695678	0.0284390284884	0.0791441239092	0.0222639184917	0.0372168619137	0.0671181157227	0.0202027400477	0.0618038884232
Total Energy inputs from nature	0.252076479474	0.275350963087	0.111258740459	0.125415584473	0.204618485319	0.24871038044	0.288499683802	0.223769035141	0.21719732459	0.326821803805	0.226000240015	0.280267222453	0.104800844613	0.281338838409	0.230123619564	0.128976268248	0.569815962987	0.148410394244	0.149184617344	0.289868375715	0.131954266737	0.17500153581	0.198915940361	0.243978042422	0.24893918305	0.300147902404	0.26822842311	0.325636784628	0.209724384869	0.0515759929936	0.384420707997	0.254533089879	0.0543208595113	0.023240766675	0.0740605534242	0.17319480292	0.328924811982	0.196035645347	0.097300789593	0.187694840237	0.494071244212	0.0326317776703	0.0770162242643	0.0122922763539	0.0427978063678	0.0548893305127	0.0104655578665	0.0507830853775
Total Energy supply	0.402593554296	0.556787741376	0.17660349282	0.230506321761	0.46896948952	0.40132150532	0.482331746324	0.388430908671	0.352492978696	0.570446876035	0.373445547823	0.444811590069	0.197068926978	0.657746750799	0.36054185269	0.267558947109	0.972414743074	0.233414129468	0.291260761859	0.490653971396	0.203165863523	0.28602374568	0.251750567848	0.413831021763	0.409774953444	0.430243661542	0.438267915299	0.552993020448	0.421387510088	0.0803692098977	0.595456754458	0.417377057487	0.0854522879113	0.0335732315388	0.123711963474	0.273568934645	0.51859439158	0.346695123449	0.146418630178	0.300986498515	0.731515188554	0.045209407766	0.132805378234	0.0191296893185	0.0714622388647	0.106831826888	0.0154365362909	0.101200104472
Total Energy Use	0.418195947695	0.689567522982	0.191672866556	0.294758551048	0.477559814794	0.399458898518	0.594470656923	0.404736652591	0.336150750505	0.605205189349	0.389364400363	0.415855732433	0.235557722275	0.666481611415	0.335319466103	0.344109283868	1.07690943094	0.248940502635	0.387770105436	0.812268081488	0.208218076225	0.261828574334	0.15844088604	0.486895107356	0.372703414329	0.354487844942	0.478741327727	0.618458710334	0.407635270595	0.0826296626465	0.824886235213	0.388641738006	0.091732602692	0.0331200159228	0.163348736421	0.438762303675	0.906285861832	0.402035191735	0.134741139286	0.311089584073	2.26316630651	0.0770613460768	0.203681297501	0.0520129761214	0.117110125224	0.187594576828	0.0545752844762	0.305396656348
Total Heat rejected to fresh water	0.0126395551683	0.014022733923	0.0198862163315	0.00260016499823	0.00511291112583	0.0119357701392	0.00588019042409	0.0719680522886	0.00736867176175	0.0157776507055	0.0175111209843	0.00769218678551	0.0131278898289	0.0252812326497	0.00999779091359	0.022285130139	0.0389634402346	0.00545609349998	0.00302846229931	0.0150395849482	0.00817698296865	0.0150757345828	0.00751986068421	0.0108910276248	0.00812114651804	0.0127377552995	0.0061887308848	0.0327594427325	0.00150853159011	0.00121943799341	0.0332694457354	0.00242189038306	0.000663138531034	0.000744086646946	0.000992652705894	0.00874137600242	0.012938207978	0.0135966630663	0.00147042003803	0.00182152973823	0.0082150868095	0.000259976527484	0.000482813983906	0.000620420674244	0.000876053275891	0.00992721551042	9.47429671618e-05	0.00164269792477
Domestic Extraction	0.0355820164393	0.0343377553871	0.0157390969234	0.0314976831448	0.0224297104618	0.0279354057686	0.0357619687941	0.0336247441447	0.0315464431431	0.0455595850518	0.0255092760143	0.0338198389213	0.0151727402182	0.0606209922904	0.023999909094	0.0162709740302	0.0567054570372	0.0227774633432	0.0226064024807	0.0328317353531	0.0168346593752	0.0261837292191	0.0241139679228	0.0332460910395	0.0306644613978	0.0221148286266	0.0299070733836	0.032490302937	0.0180498379219	0.0112484383226	0.0331242836469	0.0265909392628	0.0123281264479	0.00422067090265	0.0122606008706	0.0164610383577	0.0470705950636	0.0268732739428	0.0129122749326	0.0173837781184	0.0413590265025	0.00504972792603	0.0102556814454	0.00238906991251	0.00731733433976	0.0074998901953	0.00296350211941	0.00667052256861
Unused Domestic Extraction	0.0403853833615	0.0256168348144	0.0152523683906	0.00931872681655	0.0304962253053	0.0333781598216	0.0254661915832	0.033796156928	0.0217630210205	0.0335385067715	0.0166262287156	0.0570977221109	0.0119057317847	0.029318474723	0.018445575555	0.00909706396425	0.0324584800788	0.0111030579329	0.0113859459648	0.0224365284807	0.0202064713046	0.0151348609906	0.0136660887231	0.0226897621396	0.0235999446167	0.0175087613327	0.0241484993513	0.0276658016202	0.0208404242715	0.0035665236899	0.0207431813976	0.0196604673478	0.0040338197302	0.00312721988119	0.00526673043635	0.0110765344941	0.0723291164159	0.0238055913504	0.00899878453534	0.0155659177404	0.0263546370699	0.00220786559791	0.0183047773513	0.000895930026354	0.00370089784637	0.00613239173054	0.000912748596314	0.00229044355671
Water Consumption Green - Agriculture	0.00117077790694	0.0022204538027	0.000487397264862	0.000584947603464	0.000795759595044	0.0014336787743	0.00168579224308	0.00139606389254	0.00152287737749	0.00123465243886	0.00159279506657	0.00139586775683	0.0006577746972	0.00193055920801	0.00130654968941	0.000830349503365	0.00418662788113	0.000907680654794	0.00188108869005	0.00257122641969	0.000681700250286	0.00139550396275	0.000716745908727	0.00105446559174	0.00126770219787	0.000866219510461	0.00162568340927	0.00128367421321	0.000899531505266	0.000422876547954	0.00180553537724	0.00123830692669	0.00117412454974	0.000656922113532	0.000919124375269	0.00109482851173	0.00179464953488	0.0015855325855	0.000783406707502	0.000866187062878	0.00170494120991	0.00112946238786	0.00051407029694	0.000304404841413	0.000434095798341	0.000482871993548	0.000611984016283	0.00013885667089
Water Consumption Blue - Agriculture	0.000329369692806	0.000609258193696	0.000191287706265	0.00027452447638	0.000187230398121	0.00040573026704	0.000542190348901	0.00028247781675	0.000626367525304	0.000335611842989	0.000453947436033	0.000716353995914	0.000209908143202	0.000469011211819	0.000438702947736	0.000160478671501	0.00104190380196	0.000179041099802	0.000660208849021	0.000685636289446	0.000130607830128	0.000566361106367	0.000332051530064	0.000345475518581	0.000295970501508	0.000283699019166	0.000486933648439	0.000655806007996	0.000309144760543	0.00016174486502	0.000566826993193	0.000383150976506	0.000156593774725	0.000285647809547	0.000289853126526	0.000317997977595	0.000777431682416	0.000406687560514	0.000405025301285	0.000308632371667	0.000469515097211	7.9848100432e-05	0.000155965774592	0.000118481434557	0.000103121336484	0.00016807654407	0.000108565682842	0.000116129994874
Water Consumption Blue - Livestock	9.29746475995e-06	1.34556678753e-05	3.61186217822e-06	7.05582418918e-06	6.62938539489e-06	9.81729142286e-06	1.16877987746e-05	1.06374285508e-05	1.29214110206e-05	9.60210699828e-06	1.21888293444e-05	1.57419765584e-05	4.99270167719e-06	2.0434790291e-05	9.05212182477e-06	9.32094911432e-06	2.85092913583e-05	8.98450625162e-06	2.1901792823e-05	1.25791806706e-05	5.14636216712e-06	1.28640863272e-05	5.16733711243e-06	9.21153700958e-06	1.6340495105e-05	1.43922072616e-05	1.5323830274e-05	1.17805375524e-05	5.03586393608e-06	2.89020655549e-06	1.41622109543e-05	6.41094848323e-06	1.3103530121e-05	2.23611194482e-06	6.53208141111e-06	1.07413738946e-05	2.70765620143e-05	1.13982518946e-05	5.37263627362e-06	5.01364893615e-06	1.20655889774e-05	1.53019701483e-06	6.39950358485e-06	1.30076209396e-06	7.17988250946e-06	7.99949244743e-06	3.36514735875e-06	2.498233512e-06
Water Consumption Blue - Manufacturing	3.33903489467e-05	5.43927139688e-05	1.47548623474e-05	1.20029133921e-05	2.43266541064e-05	2.9702789269e-05	3.2133076697e-05	2.05903451428e-05	2.10043079471e-05	4.35631414905e-05	2.83188094276e-05	2.52015033995e-05	1.50668437975e-05	4.08902526946e-05	3.40267958886e-05	1.30924494893e-05	5.74998903843e-05	2.18062465442e-05	1.87077824006e-05	3.57517887938e-05	1.31460089499e-05	1.56262182548e-05	1.09508175806e-05	3.39627925009e-05	2.02495654506e-05	3.97396673772e-05	3.49553630853e-05	2.23892218982e-05	1.87873096757e-05	1.55610142961e-05	3.03982435434e-05	2.14812461389e-05	7.60163186553e-06	6.11863328614e-06	9.09521608607e-06	1.61560002377e-05	3.24375962561e-05	2.85333087435e-05	1.98065884329e-05	1.39280955005e-05	7.06386659083e-05	1.73634228557e-06	6.06539651069e-06	2.63049546297e-06	4.20390955455e-06	8.99451854896e-06	4.14354665278e-06	3.0569909331e-06
Water Consumption Blue - Electricity	7.60200057536e-06	1.18424296316e-05	4.63732674475e-06	2.18513832453e-06	1.18299293067e-05	1.03861741098e-05	5.92918123239e-06	1.00247288624e-05	5.15533874566e-06	6.99858949026e-06	1.371444428e-05	8.18429327782e-06	5.03365833265e-06	6.28577394095e-06	5.18081002749e-06	6.26646257051e-06	3.57854664579e-05	3.09672215335e-06	2.31265129641e-06	7.23035194911e-06	5.77184438389e-06	3.53662801787e-06	3.66397595118e-06	5.59346987484e-06	9.11237997354e-06	1.02560193485e-05	7.09554783318e-06	1.66421719937e-05	1.60074019983e-06	2.74809543724e-06	9.79973164178e-06	3.38154157358e-06	4.87172482178e-07	7.39271168474e-07	1.85414866313e-06	6.98085859869e-06	1.43258912345e-05	1.24310843304e-05	2.82378655857e-06	1.38590654012e-06	6.61589032392e-06	4.73862383264e-07	5.04194271488e-06	4.83158520762e-07	7.09877524428e-07	4.0204534046e-06	6.92352581569e-08	1.03474450615e-06
Water Consumption Blue - Domestic	7.05180038329e-06	6.99169937039e-06	7.53156363564e-06	9.536494857e-06	6.94111567849e-06	4.82966478697e-06	7.64566035539e-06	3.57352616735e-07	9.15580791839e-06	1.1250113449e-05	8.56867616568e-06	1.41249305466e-05	1.23491166275e-05	1.24615469008e-05	1.30536290948e-05	1.89334515932e-05	7.95036594284e-06	6.81556170643e-06	5.844102188e-06	8.39455206592e-06	8.49258248043e-06	9.86083112948e-06	1.62017012863e-05	1.18890365335e-05	1.32895830876e-05	6.66723732046e-06	1.468419752e-05	2.57897914276e-05	1.03317073743e-05	3.80284319193e-06	2.79423741547e-05	1.74329807811e-05	1.52240317762e-05	6.48243533049e-06	2.05776774822e-05	2.82056298381e-05	1.61836990088e-05	1.55557118238e-05	8.69537152173e-06	1.9051049743e-05	2.52947823101e-05	5.4716830563e-06	7.81985607892e-06	1.56852327039e-05	1.2590197136e-05	2.26172626462e-05	2.80310330408e-06	2.95134498061e-06
Water Consumption Blue - Total	0.000386711307471	0.000695940704542	0.000221823321171	0.000305304847142	0.000236957482607	0.000460466186628	0.00059958606596	0.000324087671922	0.000674604390936	0.000407025794417	0.000516738195251	0.000779606699697	0.000247350463637	0.000549083575646	0.000500016304571	0.000208091984268	0.0011716488161	0.000219744136457	0.000708975177729	0.000749592162926	0.000163164628109	0.000608248870097	0.000368035361995	0.0004061323545	0.000354962525125	0.000354754150474	0.000558992587152	0.000732407730868	0.000344900381729	0.000186747024501	0.000649129553488	0.000431857693482	0.00019301014097	0.000301224261277	0.000327912250168	0.000380081840164	0.00086745543093	0.000474605917306	0.000441723684072	0.000348011072387	0.00058413002473	8.90601851719e-05	0.000181292473481	0.000138581083338	0.000127805203208	0.000211708271117	0.000118946715416	0.000125671308806
Water Withdrawal Blue - Manufacturing	0.000238197811003	0.000212773271796	5.11249319435e-05	5.18889587996e-05	9.68964185875e-05	0.000145096898236	0.000143085613296	9.2190530613e-05	0.00010000837813	0.000167972759428	0.000130215274863	0.000106977622349	6.99701905991e-05	0.000171701672376	0.0001718444485	6.30737965221e-05	0.000258179013778	8.06660997757e-05	8.44995891283e-05	0.000195537425719	5.46756896366e-05	7.5744925578e-05	6.05246603755e-05	0.000157192071993	0.000117146219513	0.000179489742131	0.000145987815402	0.000137093457662	0.000103202859955	4.13406352172e-05	0.000165270086541	0.000105663153903	4.87800378664e-05	4.0426691634e-05	4.48954234544e-05	7.23728900781e-05	0.000163989250282	0.000161132209298	6.39558855688e-05	8.45550666327e-05	0.000317174125306	9.23230458273e-06	3.45461996258e-05	1.84498357593e-05	3.09508321541e-05	5.35325477864e-05	1.1234845103e-05	1.67187427882e-05
Water Withdrawal Blue - Electricity	0.000267845120645	0.000424588657148	0.00030180243928	7.23024582561e-05	0.000108951251877	0.000287410677174	0.000154925042834	0.000940322848151	0.000205965545409	0.000221009460362	0.000312806405577	0.000163109245287	0.000372660972106	0.000230375607086	0.000238990765648	0.000457304843381	0.00150924996016	0.000119249748478	9.34989467882e-05	0.000447967396287	0.000177563705952	0.000154439564645	0.000179014669424	0.000138475444142	0.000314389069653	0.000153281757216	0.000231245952342	0.000671557126168	6.01420382576e-05	4.91797741858e-05	0.000716818622489	0.000225890895263	3.73826388057e-05	1.05699044039e-05	2.86807020548e-05	0.000188169190087	0.000153961640484	0.000357216243971	7.99849164946e-05	6.78658983447e-05	0.000210957154678	4.09181031078e-05	2.01394018895e-05	3.52220948009e-05	6.19744923925e-05	0.00011039757418	2.51943091984e-06	9.20515623914e-05
Water Withdrawal Blue - Domestic	7.01184032167e-05	6.30411172911e-05	6.35475192186e-05	8.90076615919e-05	7.19641460941e-05	4.36394593893e-05	7.02355313747e-05	4.37399751951e-05	6.91934714597e-05	7.2078688227e-05	8.53562015911e-05	9.31744914102e-05	7.81738462854e-05	0.000107667759714	0.000129893936179	3.73756746172e-05	7.16850037396e-05	4.79319889284e-05	4.80352035204e-05	7.33880057352e-05	6.56058043219e-05	6.66180885125e-05	0.000127588351219	9.54339986961e-05	0.0001054990729	6.70890616414e-05	0.000121080271192	0.000175479826697	0.000119221339782	3.70424581811e-05	0.000174678218221	0.000147755257418	6.04478041798e-05	2.94487446135e-05	9.71462836561e-05	0.000112822660099	0.000177266260308	0.000124716780312	8.09675155932e-05	0.000153747713215	0.000168071625619	3.84710220954e-05	6.74242283268e-05	5.34904694157e-05	9.9136762891e-05	0.000101242534707	1.99680185181e-05	2.4169474441e-05
Water Withdrawal Blue - Total	0.000576161334865	0.000700403046235	0.000416474890442	0.000213199078648	0.000277811816558	0.000476147034799	0.000368246187504	0.00107625335396	0.000375167394999	0.000461060908017	0.000528377882031	0.000363261359047	0.00052080500899	0.000509745039176	0.000540729150328	0.00055775431452	0.00183911397768	0.000247847837182	0.000226033739437	0.000716892827742	0.00029784519991	0.000296802578736	0.000367127681018	0.000391101514832	0.000537034362066	0.000399860560988	0.000498314038936	0.000984130410527	0.000282566237995	0.000127562867584	0.00105676692725	0.000479309306584	0.000146610480852	8.04453406515e-05	0.000170722409165	0.000373364740264	0.000495217151074	0.00064306523358	0.000224908317657	0.000306168678193	0.000696202905603	8.86214297859e-05	0.000122109829842	0.000107162399976	0.000192062087438	0.000265172656673	3.3722294541e-05	0.000132939779621
Land use	0.0245102704112	0.0391113655773	0.00984388050086	0.0122566763479	0.012733486424	0.0263155147073	0.0317163812488	0.0332447175468	0.0284435981575	0.0571920595497	0.0380249395497	0.0347197977153	0.010640086562	0.0434541724346	0.0251213862848	0.0161690263062	0.0792547340969	0.0286251597536	0.0193369006724	0.0448856196281	0.0112210436088	0.0245292056029	0.0118865591586	0.0346451394939	0.0266288773851	0.017598972677	0.0271278599624	0.0359653566117	0.0188515226833	0.00703794984523	0.0820895228363	0.0196448103217	0.0319989889004	0.00263263332633	0.0196542912131	0.0732092876401	0.238490022364	0.0306626343569	0.0147339518407	0.0170799945497	0.05890243784	0.00479520322416	0.0228916540749	0.00310270256077	0.0147868332678	0.00827806953868	0.00986635187705	0.0078320324681
